2 0.3671875 0.2109375 0.05703125 0.08515625
2 0.66640625 0.2796875 0.05625 0.11875
2 0.73203125 0.34296875 0.09375 0.14921875
2 0.6296875 0.21953125 0.05078125 0.07421875
0 0.18515625 0.49453125 0.06171875 0.0234375
0 0.40390625 0.65625 0.08828125 0.021875
0 0.75390625 0.66328125 0.0828125 0.0421875
0 0.51015625 0.43046875 0.04921875 0.01796875
4 0.40078125 0.61484375 0.171875 0.696875
4 0.2015625 0.4609375 0.11875 0.45234375
4 0.53046875 0.43359375 0.11328125 0.4578125
4 0.74375 0.61015625 0.17734375 0.684375
4 0.6546875 0.42265625 0.09453125 0.4890625
2 0.39296875 0.35234375 0.09296875 0.12421875
2 0.2078125 0.290625 0.06796875 0.1171875
2 0.5203125 0.2609375 0.0828125 0.13671875