3 0.2359375 0.284375 0.103125 0.18359375
3 0.61171875 0.34765625 0.06875 0.11484375
3 0.40234375 0.3703125 0.05703125 0.09765625
3 0.5609375 0.35546875 0.06171875 0.1125
3 0.89609375 0.3875 0.04765625 0.103125
1 0.9671875 0.3015625 0.05703125 0.10078125
0 0.1171875 0.69609375 0.075 0.034375
0 0.41328125 0.58984375 0.065625 0.02421875
0 0.50625 0.6140625 0.05546875 0.01484375
4 0.25390625 0.55546875 0.353125 0.80390625
4 0.4046875 0.5171875 0.11796875 0.47265625
4 0.57734375 0.5734375 0.284375 0.61796875