4 0.08515625 0.7140625 0.1109375 0.48671875
4 0.81640625 0.68984375 0.0796875 0.31640625
4 0.94453125 0.74453125 0.09296875 0.40390625
3 0.94453125 0.59453125 0.065625 0.07578125
0 0.82890625 0.715625 0.0421875 0.02421875
0 0.46328125 0.72109375 0.0328125 0.009375
0 0.08203125 0.753125 0.0421875 0.02890625
2 0.17578125 0.559375 0.05078125 0.0828125
2 0.0921875 0.54609375 0.05703125 0.0921875
4 0.50625 0.70546875 0.10625 0.35546875
2 0.25703125 0.55 0.05390625 0.0828125
2 0.5 0.578125 0.05078125 0.07578125
2 0.8234375 0.58515625 0.05390625 0.07578125
1 0.1296875 0.55390625 0.05078125 0.08984375
2 0.21875 0.55625 0.05078125 0.06796875