1 0.7125 0.546875 0.0328125 0.08359375
0 0.2703125 0.82578125 0.08984375 0.034375
1 0.90625 0.54765625 0.04765625 0.09765625
0 0.89765625 0.72578125 0.034375 0.021875
0 0.6203125 0.75390625 0.05546875 0.021875
1 0.6265625 0.5578125 0.065625 0.090625
4 0.61953125 0.728125 0.12265625 0.4875
4 0.28203125 0.7390625 0.19765625 0.521875
1 0.303125 0.53828125 0.08515625 0.12265625
4 0.71484375 0.6703125 0.08203125 0.32578125
4 0.90625 0.69765625 0.09140625 0.41875
4 0.15703125 0.6140625 0.04609375 0.2109375