4 0.3328125 0.77109375 0.08984375 0.29375
2 0.415625 0.45390625 0.05390625 0.065625
2 0.5359375 0.61875 0.04375 0.05859375
2 0.2953125 0.58203125 0.0375 0.0515625
2 0.328125 0.6640625 0.0671875 0.06875
4 0.90859375 0.81328125 0.09609375 0.3421875
2 0.32890625 0.48671875 0.02578125 0.07578125
4 0.4125 0.52578125 0.05703125 0.2296875
2 0.76875 0.89453125 0.05078125 0.07578125
2 0.90859375 0.68359375 0.05234375 0.07578125
2 0.0125 0.7125 0.02421875 0.090625
2 0.98046875 0.48984375 0.0328125 0.065625
2 0.8890625 0.46328125 0.05078125 0.06875
2 0.9484375 0.403125 0.05078125 0.065625
2 0.34765625 0.6109375 0.04765625 0.08828125
2 0.5015625 0.4890625 0.0421875 0.07578125
0 0.3421875 0.796875 0.04375 0.01484375
0 0.92109375 0.846875 0.01796875 0.0296875
4 0.48359375 0.696875 0.06015625 0.27421875
4 0.2828125 0.71015625 0.05546875 0.3078125