2 0.50234375 0.34296875 0.1 0.11015625
2 0.2328125 0.24375 0.0765625 0.1203125
0 0.2375 0.6234375 0.078125 0.02734375
0 0.4875 0.665625 0.09140625 0.0390625
4 0.22265625 0.271875 0.0734375 0.24296875
4 0.2796875 0.56640625 0.16640625 0.76015625
2 0.28828125 0.26328125 0.08359375 0.13984375
2 0.36953125 0.2390625 0.06875 0.0953125
2 0.61875 0.2625 0.065625 0.10546875
0 0.625 0.57109375 0.06875 0.03203125
0 0.3828125 0.521875 0.05546875 0.0296875
0 0.79765625 0.44140625 0.0703125 0.01953125
2 0.7984375 0.27578125 0.05859375 0.12734375
2 0.65703125 0.25859375 0.08828125 0.1125
4 0.640625 0.50859375 0.140625 0.65703125
4 0.78671875 0.38203125 0.09140625 0.33828125
4 0.4984375 0.59296875 0.15546875 0.7671875
2 0.4265625 0.278125 0.0796875 0.1078125
0 0.815625 0.75390625 0.103125 0.10546875
2 0.54609375 0.29140625 0.08515625 0.13203125