2 0.409375 0.3796875 0.0640625 0.0859375
4 0.23046875 0.60390625 0.33203125 0.79140625
4 0.88515625 0.5390625 0.0734375 0.396875
4 0.54609375 0.59453125 0.1453125 0.62265625
4 0.409375 0.54921875 0.12421875 0.4875
0 0.50390625 0.6140625 0.05390625 0.021875
0 0.409375 0.590625 0.06875 0.0171875
2 0.23515625 0.28671875 0.1015625 0.15234375
2 0.5578125 0.34765625 0.06875 0.11796875
2 0.6078125 0.34453125 0.0765625 0.1203125
2 0.8984375 0.3984375 0.0703125 0.12734375
0 0.11484375 0.70078125 0.078125 0.0296875