0 0.34140625 0.5515625 0.04921875 0.01484375
0 0.5015625 0.4875 0.02578125 0.01953125
0 0.6015625 0.53046875 0.04375 0.01484375
0 0.91640625 0.53828125 0.0375 0.0125
2 0.784375 0.36484375 0.08984375 0.125
4 0.19296875 0.56484375 0.20078125 0.65703125
4 0.38125 0.51328125 0.1390625 0.521875
4 0.5171875 0.48515625 0.08359375 0.4140625
4 0.93671875 0.48671875 0.09765625 0.41640625
4 0.6078125 0.478125 0.09296875 0.353125
2 0.628125 0.375 0.065625 0.078125
2 0.52109375 0.375 0.06171875 0.090625
2 0.39140625 0.3578125 0.05390625 0.10546875
2 0.2015625 0.3515625 0.0796875 0.1125
2 0.9390625 0.390625 0.05546875 0.12265625
0 0.140625 0.61875 0.0734375 0.02421875
4 0.73359375 0.6296875 0.44453125 0.64453125