4 0.2734375 0.68203125 0.16015625 0.6109375
4 0.1203125 0.69453125 0.22421875 0.59921875
4 0.553125 0.65390625 0.31171875 0.68671875
1 0.52421875 0.49140625 0.08828125 0.1125
0 0.29609375 0.7421875 0.08515625 0.0265625
0 0.10390625 0.85 0.12734375 0.0296875
1 0.675 0.484375 0.078125 0.09765625
1 0.8390625 0.47421875 0.08515625 0.11953125
1 0.88515625 0.5265625 0.1375 0.18125
1 0.3828125 0.43984375 0.04921875 0.0828125
1 0.27265625 0.45859375 0.08359375 0.08828125
1 0.4875 0.4203125 0.08671875 0.13203125
1 0.1078125 0.5 0.103125 0.1515625