4 0.28671875 0.61640625 0.13671875 0.73203125
3 0.45859375 0.36328125 0.0765625 0.19609375
1 0.1734375 0.39609375 0.09296875 0.1546875
1 0.26328125 0.3515625 0.06640625 0.14296875
1 0.9765625 0.42578125 0.046875 0.16640625
1 0.2765625 0.25625 0.08359375 0.1546875
2 0.71484375 0.3421875 0.08671875 0.20234375
2 0.78203125 0.26171875 0.0734375 0.1546875
2 0.61328125 0.2171875 0.06328125 0.16640625
2 0.33359375 0.19609375 0.0703125 0.1484375
2 0.71328125 0.1640625 0.06015625 0.1546875
2 0.96484375 0.32109375 0.0703125 0.2140625
0 0.11171875 0.83046875 0.08359375 0.04140625
0 0.2765625 0.79765625 0.08671875 0.0234375
0 0.4515625 0.7734375 0.05 0.05390625
0 0.696875 0.809375 0.0703125 0.0296875
4 0.153125 0.61328125 0.16328125 0.76171875
4 0.721875 0.5984375 0.15 0.7734375
4 0.46328125 0.60703125 0.16328125 0.75
4 0.93203125 0.6640625 0.0796875 0.6609375