4 0.221875 0.55625 0.14296875 0.79765625
4 0.06796875 0.54765625 0.1296875 0.73203125
2 0.803125 0.30078125 0.08671875 0.17265625
1 0.05859375 0.2765625 0.053125 0.13671875
1 0.46171875 0.30625 0.0765625 0.1546875
2 0.2265625 0.2828125 0.0703125 0.1484375
4 0.8234375 0.57734375 0.18671875 0.80390625
0 0.83359375 0.67265625 0.05703125 0.0296875
0 0.21484375 0.5859375 0.06015625 0.0296875
0 0.03984375 0.5890625 0.06328125 0.0296875
0 0.496875 0.64609375 0.06640625 0.0359375
4 0.478125 0.57109375 0.146875 0.76171875