4 0.76953125 0.49296875 0.2359375 0.8109375
3 0.9640625 0.17109375 0.06328125 0.1265625
2 0.33046875 0.16328125 0.075 0.14921875
0 0.9 0.5609375 0.05546875 0.04296875
0 0.365625 0.6640625 0.08359375 0.0640625
1 0.18984375 0.14375 0.05390625 0.10546875
1 0.28203125 0.14375 0.04609375 0.121875
1 0.03671875 0.19921875 0.06171875 0.153125
1 0.76484375 0.16171875 0.06171875 0.1390625
1 0.8125 0.1765625 0.06328125 0.14921875
1 0.71953125 0.196875 0.07265625 0.1578125
1 0.5640625 0.16328125 0.1015625 0.15234375
1 0.09453125 0.16015625 0.09609375 0.1578125
4 0.48984375 0.52890625 0.4203125 0.9078125