4 0.19375 0.44375 0.090625 0.48125
4 0.25234375 0.39765625 0.05546875 0.29296875
4 0.36171875 0.51875 0.1015625 0.51015625
4 0.5078125 0.49296875 0.11796875 0.52109375
1 0.6453125 0.3046875 0.025 0.06796875
4 0.7390625 0.4453125 0.09453125 0.4625
4 0.68203125 0.503125 0.15390625 0.5140625
4 0.0875 0.428125 0.0953125 0.43671875
1 0.88046875 0.33828125 0.034375 0.07578125
1 0.91640625 0.334375 0.03515625 0.08125
1 0.67890625 0.328125 0.0296875 0.06875
4 0.8203125 0.4625 0.103125 0.42890625
1 0.48125 0.30703125 0.040625 0.0953125
1 0.24453125 0.31640625 0.02890625 0.05234375
1 0.0828125 0.278125 0.040625 0.084375
2 0.31796875 0.3125 0.0328125 0.08125
2 0.34453125 0.31484375 0.04921875 0.10546875
2 0.1890625 0.29375 0.0421875 0.0859375
0 0.52890625 0.5359375 0.0359375 0.02109375
4 0.91953125 0.5046875 0.15390625 0.5078125
0 0.7609375 0.50859375 0.03828125 0.01640625
0 0.7296875 0.546875 0.04453125 0.0140625
0 0.38359375 0.54921875 0.04375 0.0109375
0 0.20546875 0.49453125 0.03828125 0.0140625
0 0.0890625 0.484375 0.04609375 0.02109375
1 0.365625 0.28046875 0.01953125 0.05
1 0.5375 0.33125 0.04375 0.07109375
1 0.725 0.3234375 0.03515625 0.06875
1 0.79375 0.315625 0.0171875 0.0625
1 0.81875 0.321875 0.0296875 0.0859375