4 0.828125 0.265625 0.05546875 0.29375
4 0.946875 0.26015625 0.0671875 0.27890625
4 0.25390625 0.28203125 0.134375 0.20625
4 0.4328125 0.29765625 0.103125 0.246875
4 0.5734375 0.246875 0.08359375 0.203125
2 0.83828125 0.1875 0.0328125 0.0671875
2 0.43515625 0.20625 0.0296875 0.04921875
2 0.39453125 0.1859375 0.034375 0.0609375
2 0.36953125 0.18046875 0.03125 0.040625
2 0.33125 0.19765625 0.0375 0.0578125
2 0.26171875 0.21796875 0.04375 0.03515625
1 0.5890625 0.18046875 0.03125 0.03203125
2 0.94375 0.17734375 0.034375 0.0671875
2 0.57421875 0.1890625 0.01796875 0.0609375