1 0.4203125 0.30703125 0.0796875 0.1125
3 0.09765625 0.26953125 0.065625 0.10703125
4 0.29140625 0.46953125 0.109375 0.56796875
4 0.09609375 0.478125 0.15859375 0.6125
0 0.10390625 0.521875 0.04765625 0.0171875
0 0.31328125 0.49375 0.05703125 0.0171875
0 0.4796875 0.721875 0.1046875 0.05625
0 0.79375 0.7953125 0.08828125 0.05625
0 0.60078125 0.64375 0.071875 0.03203125
2 0.59375 0.2953125 0.09609375 0.12890625
2 0.778125 0.38671875 0.10625 0.2
2 0.46875 0.3546875 0.09453125 0.14609375
2 0.296875 0.28203125 0.06171875 0.08515625
4 0.45 0.6015625 0.19453125 0.78046875
4 0.7890625 0.61953125 0.22421875 0.7515625
4 0.59765625 0.6 0.146875 0.76796875