4 0.20390625 0.48203125 0.15390625 0.6625
0 0.18046875 0.53515625 0.0734375 0.0234375
0 0.49140625 0.56484375 0.04375 0.0296875
0 0.64375 0.45546875 0.03984375 0.01171875
0 0.7625 0.5234375 0.0734375 0.0234375
0 0.88125 0.54453125 0.03671875 0.04140625
0 0.41640625 0.52109375 0.053125 0.0234375
0 0.3359375 0.43203125 0.03984375 0.01796875
1 0.209375 0.25703125 0.05703125 0.12421875
1 0.425 0.2515625 0.046875 0.1125
1 0.51015625 0.2453125 0.053125 0.1421875
1 0.75390625 0.21328125 0.0671875 0.15390625
1 0.34453125 0.26640625 0.05 0.0890625
1 0.6453125 0.28671875 0.03984375 0.0828125
1 0.8859375 0.29609375 0.05703125 0.1421875
4 0.878125 0.45546875 0.10703125 0.5265625
4 0.77421875 0.553125 0.16015625 0.8640625
4 0.6390625 0.43515625 0.0734375 0.4140625
4 0.50703125 0.51484375 0.1140625 0.73359375
4 0.409375 0.49140625 0.08359375 0.6328125
4 0.34140625 0.39375 0.08359375 0.4375