0 0.17734375 0.54453125 0.06328125 0.0296875
4 0.409375 0.4703125 0.08359375 0.55
4 0.503125 0.5234375 0.13359375 0.7515625
4 0.6390625 0.42578125 0.0703125 0.45
4 0.7828125 0.54140625 0.20703125 0.86953125
4 0.88125 0.47890625 0.10390625 0.5625
0 0.8796875 0.54765625 0.03046875 0.03515625
0 0.759375 0.5234375 0.0671875 0.0234375
0 0.6421875 0.45546875 0.04375 0.01171875
0 0.49140625 0.5625 0.05 0.03515625
0 0.41796875 0.5234375 0.06328125 0.01796875
0 0.334375 0.43203125 0.03984375 0.01796875
4 0.334375 0.4140625 0.06328125 0.42578125
1 0.884375 0.28984375 0.053125 0.10078125
1 0.3375 0.26328125 0.04375 0.0765625
1 0.6453125 0.28125 0.03984375 0.0765625
1 0.7609375 0.21875 0.08671875 0.165625
1 0.50703125 0.25703125 0.0671875 0.1359375
1 0.41953125 0.26015625 0.046875 0.09453125
1 0.20234375 0.2546875 0.06328125 0.1125
4 0.2125 0.51484375 0.13359375 0.76953125