0 0.56953125 0.32890625 0.04375 0.0171875
0 0.68203125 0.3796875 0.05390625 0.0171875
0 0.8921875 0.45390625 0.06171875 0.0171875
1 0.8578125 0.19140625 0.08359375 0.1015625
1 0.6625 0.17734375 0.0640625 0.08671875
1 0.5546875 0.16484375 0.05546875 0.075
1 0.28125 0.16015625 0.02578125 0.053125
2 0.8203125 0.184375 0.065625 0.10390625
2 0.309375 0.1671875 0.034375 0.06015625
0 0.190625 0.48046875 0.05859375 0.02890625
2 0.1921875 0.1640625 0.08828125 0.125
4 0.5640625 0.29765625 0.08515625 0.35390625
4 0.66484375 0.3015625 0.1046875 0.390625
4 0.3046875 0.22734375 0.06875 0.2265625
4 0.8921875 0.47578125 0.16171875 0.66015625
4 0.190625 0.3890625 0.16328125 0.66953125
2 0.515625 0.1734375 0.05078125 0.07734375