2 0.440625 0.53046875 0.0765625 0.1296875
2 0.7984375 0.53671875 0.05390625 0.065625
2 0.58828125 0.596875 0.09296875 0.18359375
2 0.759375 0.51484375 0.0421875 0.06875
2 0.825 0.58046875 0.0640625 0.1171875
2 0.66328125 0.55625 0.0703125 0.11484375
2 0.4828125 0.53828125 0.05546875 0.090625
4 0.84765625 0.75703125 0.25 0.484375
2 0.35 0.59296875 0.09296875 0.16640625
2 0.04609375 0.64921875 0.09140625 0.25390625
2 0.13046875 0.55625 0.11796875 0.134375
0 0.74765625 0.8046875 0.0765625 0.03203125
0 0.98984375 0.72265625 0.01953125 0.0390625
1 0.9203125 0.578125 0.071875 0.1078125
1 0.40390625 0.5859375 0.0703125 0.11953125
2 0.56171875 0.49375 0.04921875 0.0828125
2 0.94140625 0.49296875 0.0421875 0.07578125
2 0.9125 0.51015625 0.0390625 0.0609375