0 0.121875 0.8453125 0.040625 0.034375
0 0.81328125 0.6921875 0.0328125 0.02734375
1 0.53125 0.51953125 0.05390625 0.090625
1 0.796875 0.53515625 0.04921875 0.0734375
0 0.546875 0.7046875 0.06015625 0.0296875
1 0.58671875 0.546875 0.05546875 0.06640625
1 0.76171875 0.54296875 0.05078125 0.0609375
4 0.1203125 0.7 0.1453125 0.54140625
4 0.79765625 0.69375 0.1484375 0.42890625
4 0.6125 0.671875 0.103125 0.35078125
4 0.55234375 0.68515625 0.12109375 0.4359375
1 0.08984375 0.55625 0.05546875 0.0859375
1 0.12734375 0.53046875 0.078125 0.10546875