2 0.3328125 0.5609375 0.1875 0.82734375
1 0.9203125 0.278125 0.07734375 0.17265625
1 0.6109375 0.3390625 0.11015625 0.19609375
1 0.33359375 0.3015625 0.0921875 0.22421875
1 0.0984375 0.259375 0.11484375 0.17734375
2 0.10859375 0.5421875 0.19765625 0.84609375
2 0.59375 0.565625 0.20234375 0.77109375
2 0.90625 0.546875 0.1796875 0.81796875
0 0.9125 0.87421875 0.075 0.12578125
0 0.59140625 0.86484375 0.0953125 0.103125
0 0.3375 0.77578125 0.07265625 0.103125
0 0.07734375 0.7171875 0.06484375 0.084375