1 0.6390625 0.2890625 0.0703125 0.134375
1 0.6953125 0.2578125 0.07734375 0.19296875
1 0.1640625 0.2671875 0.0921875 0.18203125
1 0.3078125 0.2875 0.075 0.09453125
1 0.3625 0.2890625 0.08515625 0.21484375
1 0.78984375 0.27265625 0.08984375 0.16015625
2 0.33515625 0.39609375 0.2375 0.53828125
2 0.14140625 0.46328125 0.2546875 0.60390625
2 0.61640625 0.421875 0.2796875 0.43984375
2 0.74765625 0.5421875 0.37265625 0.71640625
1 0.07109375 0.27421875 0.1 0.16015625
0 0.62734375 0.57109375 0.0703125 0.0796875