4 0.6765625 0.26875 0.090625 0.47421875
4 0.2234375 0.38984375 0.10390625 0.74375
4 0.4109375 0.478125 0.2421875 0.94765625
4 0.9359375 0.48515625 0.1171875 0.95703125
1 0.2359375 0.10703125 0.065625 0.13046875
1 0.43046875 0.1515625 0.075 0.22734375
1 0.365625 0.1265625 0.0625 0.20859375
1 0.50859375 0.1234375 0.02578125 0.0828125
0 0.21015625 0.446875 0.06953125 0.0640625
0 0.3609375 0.69375 0.12734375 0.05234375
0 0.93828125 0.578125 0.11015625 0.05390625
0 0.671875 0.30546875 0.0546875 0.03828125
2 0.67734375 0.0953125 0.04140625 0.0984375
2 0.95234375 0.1046875 0.0953125 0.20703125
3 0.48515625 0.13984375 0.02734375 0.075