0 0.465625 0.83125 0.0453125 0.0265625
0 0.63203125 0.85234375 0.0453125 0.03671875
0 0.9 0.903125 0.04140625 0.03984375
2 0.6828125 0.65703125 0.0484375 0.08671875
2 0.52890625 0.6671875 0.034375 0.0765625
1 0.90390625 0.67890625 0.03828125 0.0515625
2 0.35546875 0.64296875 0.04296875 0.06171875
2 0.85 0.6671875 0.0265625 0.0578125
0 0.81953125 0.790625 0.02890625 0.03828125
0 0.290625 0.784375 0.03203125 0.04140625
4 0.50546875 0.7640625 0.14375 0.37734375
4 0.66796875 0.76796875 0.14296875 0.4453125
4 0.32734375 0.7671875 0.14375 0.4203125