4 0.19375 0.6875 0.14609375 0.23046875
2 0.20625 0.6 0.07890625 0.03359375
3 0.58984375 0.60078125 0.0515625 0.0203125
2 0.646875 0.6203125 0.084375 0.0359375
2 0.2953125 0.58515625 0.0484375 0.02421875
2 0.459375 0.5828125 0.0359375 0.0234375
2 0.4078125 0.590625 0.059375 0.0234375
0 0.4984375 0.665625 0.04609375 0.01875
0 0.29296875 0.6703125 0.046875 0.01484375
0 0.21640625 0.75 0.06640625 0.01875
0 0.41015625 0.73671875 0.065625 0.0203125
0 0.71796875 0.821875 0.09296875 0.03203125
4 0.715625 0.7390625 0.253125 0.35859375
4 0.3984375 0.6734375 0.10703125 0.225