1 0.28046875 0.5015625 0.01328125 0.03984375
0 0.08359375 0.75 0.04921875 0.03828125
0 0.171875 0.54609375 0.034375 0.02109375
0 0.73046875 0.76484375 0.0296875 0.02109375
0 0.628125 0.665625 0.02109375 0.01015625
0 0.27578125 0.55859375 0.01875 0.00703125
2 0.10859375 0.56015625 0.0484375 0.0890625
2 0.628125 0.58359375 0.03046875 0.03828125
2 0.72265625 0.65078125 0.0203125 0.0625
2 0.178125 0.48671875 0.025 0.046875
4 0.72109375 0.72734375 0.0515625 0.25234375
4 0.1734375 0.540625 0.04296875 0.19140625
4 0.09140625 0.71953125 0.090625 0.47890625
4 0.2796875 0.5546875 0.04296875 0.17421875
4 0.51484375 0.53671875 0.01953125 0.078125
4 0.384375 0.5078125 0.0203125 0.09765625
4 0.57421875 0.57734375 0.03125 0.14609375
4 0.859375 0.85703125 0.13671875 0.28046875
4 0.625 0.63125 0.0390625 0.20703125