1 0.30234375 0.35 0.07265625 0.11171875
2 0.8546875 0.4859375 0.2328125 0.8
1 0.8390625 0.31015625 0.0796875 0.16015625
1 0.87734375 0.32421875 0.0703125 0.15234375
1 0.60859375 0.36796875 0.075 0.15234375
2 0.6375 0.5203125 0.21484375 0.73203125
2 0.4671875 0.49765625 0.22734375 0.815625
2 0.3015625 0.52421875 0.18515625 0.6921875
2 0.11484375 0.5578125 0.17734375 0.571875
1 0.10625 0.39375 0.0828125 0.2
1 0.4546875 0.3421875 0.0921875 0.1640625
0 0.4609375 0.66796875 0.0828125 0.0921875
0 0.64140625 0.60390625 0.0703125 0.0359375