1 0.6484375 0.28828125 0.02578125 0.059375
0 0.76015625 0.5171875 0.06640625 0.025
0 0.8796875 0.54375 0.04296875 0.05625
0 0.490625 0.56171875 0.05390625 0.0390625
0 0.17578125 0.5421875 0.07265625 0.028125
0 0.41796875 0.515625 0.06640625 0.03671875
0 0.6390625 0.45234375 0.05078125 0.028125
0 0.3359375 0.43125 0.04921875 0.02265625
1 0.20859375 0.25703125 0.04921875 0.10078125
1 0.34296875 0.2671875 0.02890625 0.0671875
1 0.421875 0.2640625 0.03828125 0.09296875
1 0.50859375 0.25859375 0.05390625 0.1234375
1 0.76171875 0.20234375 0.06171875 0.13515625
1 0.88828125 0.290625 0.04609375 0.0984375
4 0.5296875 0.52421875 0.14296875 0.696875
4 0.6453125 0.43671875 0.0765625 0.39296875
4 0.9078125 0.4828125 0.1109375 0.58125
4 0.2125 0.48984375 0.16640625 0.6828125
4 0.4125 0.475 0.084375 0.609375
4 0.33359375 0.39296875 0.06640625 0.415625
4 0.76796875 0.5390625 0.15390625 0.87109375