1 0.25859375 0.3203125 0.06015625 0.1078125
1 0.7765625 0.31875 0.0875 0.13125
1 0.91875 0.33984375 0.0203125 0.0890625
1 0.0515625 0.3359375 0.06015625 0.11953125
2 0.95390625 0.4984375 0.0921875 0.63671875
1 0.5375 0.15625 0.10234375 0.2625
2 0.0890625 0.5171875 0.15 0.540625
2 0.2890625 0.5484375 0.2046875 0.66796875
2 0.55625 0.4421875 0.30234375 0.884375
2 0.825 0.52734375 0.22265625 0.70234375
0 0.63515625 0.60234375 0.12265625 0.146875
0 0.29609375 0.5671875 0.0953125 0.065625
0 0.09609375 0.565625 0.0703125 0.07734375
0 0.85234375 0.55625 0.0828125 0.0421875