0 0.2 0.7796875 0.053125 0.05234375
2 0.940625 0.803125 0.04375 0.065625
4 0.43984375 0.628125 0.05 0.20546875
4 0.21328125 0.75625 0.0953125 0.46953125
4 0.86171875 0.79453125 0.065625 0.26953125
4 0.309375 0.55625 0.028125 0.1296875
4 0.3421875 0.56171875 0.03125 0.13671875
3 0.86171875 0.71015625 0.0296875 0.0609375
0 0.3359375 0.7703125 0.04609375 0.05390625
0 0.4390625 0.63046875 0.01640625 0.025
0 0.94375 0.96328125 0.05859375 0.03203125
0 0.871875 0.809375 0.03359375 0.01875
1 0.2109375 0.6046875 0.04921875 0.065625
1 0.90859375 0.77265625 0.025 0.07578125
2 0.43828125 0.5734375 0.021875 0.05703125