2 0.375 0.46484375 0.15 0.5375
1 0.91640625 0.35 0.0625 0.10390625
1 0.8140625 0.36875 0.07734375 0.10390625
1 0.71875 0.38125 0.07265625 0.13359375
1 0.5796875 0.35859375 0.0671875 0.1125
1 0.46875 0.36015625 0.06484375 0.09609375
1 0.36015625 0.37109375 0.0546875 0.09140625
1 0.23125 0.37265625 0.05 0.10390625
1 0.09375 0.35859375 0.0625 0.1125
2 0.49375 0.48984375 0.1296875 0.42109375
2 0.23984375 0.48125 0.1296875 0.50859375
2 0.10390625 0.48515625 0.1421875 0.45
2 0.6109375 0.44765625 0.18515625 0.58359375
2 0.71875 0.47734375 0.17734375 0.64140625
2 0.82109375 0.45390625 0.1171875 0.47890625
2 0.92109375 0.46640625 0.125 0.475
0 0.23359375 0.52734375 0.06015625 0.07109375
0 0.0765625 0.51640625 0.0546875 0.05
0 0.57890625 0.50625 0.06015625 0.04140625
0 0.9328125 0.51015625 0.075 0.07890625