3 0.328125 0.13828125 0.02578125 0.028125
0 0.94375 0.62265625 0.1125 0.08359375
0 0.66171875 0.39609375 0.08359375 0.07421875
0 0.36953125 0.23125 0.025 0.02421875
0 0.3234375 0.26171875 0.03828125 0.03359375
0 0.2578125 0.23125 0.03671875 0.04296875
0 0.5265625 0.55625 0.059375 0.0359375
0 0.09609375 0.340625 0.05625 0.01484375
3 0.09765625 0.18671875 0.05625 0.08359375
3 0.49453125 0.18359375 0.078125 0.14765625
3 0.91328125 0.16328125 0.1703125 0.14921875
3 0.634375 0.14296875 0.05078125 0.0765625
3 0.18203125 0.15078125 0.03828125 0.05
3 0.69296875 0.14609375 0.04921875 0.06875
3 0.25546875 0.140625 0.03828125 0.03359375
4 0.17890625 0.2078125 0.0609375 0.246875
4 0.50703125 0.42578125 0.159375 0.68203125
4 0.32265625 0.203125 0.05625 0.25546875
4 0.25078125 0.20625 0.0625 0.1890625
4 0.6578125 0.3203125 0.13046875 0.49921875
3 0.36640625 0.13203125 0.03671875 0.0359375
4 0.090625 0.29296875 0.0921875 0.3671875
4 0.88828125 0.4328125 0.2234375 0.76875