2 0.6203125 0.1953125 0.0546875 0.1390625
1 0.1875 0.2515625 0.06640625 0.12109375
0 0.9734375 0.54140625 0.053125 0.0296875
0 0.58828125 0.54765625 0.08203125 0.0328125
4 0.625 0.465625 0.1765625 0.7546875
4 0.7859375 0.48828125 0.13984375 0.78125
4 0.9515625 0.4765625 0.096875 0.8109375
4 0.065625 0.55 0.1296875 0.73046875
0 0.76328125 0.54296875 0.08515625 0.04453125
4 0.23515625 0.4984375 0.171875 0.67421875
0 0.26171875 0.54765625 0.071875 0.04453125
4 0.42421875 0.51171875 0.1546875 0.715625
0 0.05078125 0.584375 0.075 0.053125
2 0.4171875 0.23359375 0.06328125 0.13046875
2 0.96640625 0.22890625 0.06640625 0.1625
3 0.03671875 0.26796875 0.04296875 0.12109375
2 0.796875 0.24296875 0.075 0.14765625
2 0.6796875 0.21171875 0.0546875 0.11796875
2 0.246875 0.2546875 0.06171875 0.12734375
2 0.0859375 0.25625 0.0546875 0.12421875