4 0.6 0.23125 0.0953125 0.38125
4 0.7078125 0.31796875 0.1140625 0.41875
4 0.1359375 0.59921875 0.1234375 0.375
4 0.8640625 0.23046875 0.08125 0.35
0 0.671875 0.3890625 0.0421875 0.053125
4 0.96796875 0.2546875 0.0640625 0.45625
0 0.5890625 0.32578125 0.046875 0.0515625
0 0.86953125 0.31171875 0.040625 0.046875
0 0.96796875 0.3453125 0.0375 0.0546875
2 0.13984375 0.49375 0.0640625 0.0953125
2 0.58671875 0.0921875 0.0359375 0.096875
2 0.70703125 0.1796875 0.040625 0.06875
2 0.8796875 0.1171875 0.0390625 0.0609375
2 0.97890625 0.09609375 0.034375 0.0984375