4 0.1484375 0.27265625 0.0796875 0.2515625
4 0.2 0.3640625 0.1234375 0.34375
0 0.525 0.46796875 0.0578125 0.0609375
4 0.0625 0.31796875 0.0953125 0.296875
4 0.54609375 0.37421875 0.1171875 0.40625
0 0.1828125 0.46796875 0.053125 0.0609375
2 0.05 0.21640625 0.053125 0.128125
2 0.15625 0.140625 0.0546875 0.0765625
2 0.72734375 0.25859375 0.075 0.084375
2 0.55703125 0.228125 0.0421875 0.071875
4 0.7203125 0.359375 0.125 0.3390625
2 0.046875 0.10234375 0.0390625 0.09375
3 0.19609375 0.21953125 0.053125 0.06875