2 0.11171875 0.75625 0.075 0.11875
2 0.6984375 0.2 0.0515625 0.0734375
2 0.96171875 0.10625 0.046875 0.06875
4 0.675 0.60859375 0.1296875 0.5625
4 0.9484375 0.2203125 0.0859375 0.3375
4 0.696875 0.2203125 0.0828125 0.184375
2 0.696875 0.309375 0.0453125 0.0859375
2 0.665625 0.409375 0.0578125 0.0953125
2 0.4421875 0.1765625 0.05625 0.0828125
2 0.325 0.13046875 0.046875 0.103125
4 0.4421875 0.2875 0.09375 0.3484375
0 0.303125 0.33671875 0.0546875 0.078125
4 0.30859375 0.28671875 0.0984375 0.46875
0 0.6375 0.709375 0.04375 0.0796875
4 0.11875 0.80703125 0.13125 0.303125
4 0.69453125 0.3375 0.0765625 0.2703125