2 0.30859375 0.28125 0.0515625 0.0859375
2 0.37265625 0.325 0.0515625 0.0609375
2 0.3375 0.3484375 0.053125 0.0625
3 0.8796875 0.1609375 0.0421875 0.0796875
1 0.68359375 0.45390625 0.0609375 0.0875
4 0.42734375 0.2984375 0.0859375 0.2578125
4 0.68828125 0.590625 0.09375 0.39375
4 0.41796875 0.18984375 0.08125 0.1953125
4 0.33984375 0.37890625 0.078125 0.1015625
4 0.3078125 0.33125 0.096875 0.2015625
4 0.38671875 0.3578125 0.0640625 0.15625
4 0.33046875 0.23203125 0.0875 0.2015625
2 0.41953125 0.21875 0.05625 0.08125
2 0.41171875 0.1109375 0.0546875 0.0859375
2 0.34375 0.2 0.0625 0.0921875