2 0.896875 0.2796875 0.04375 0.0765625
4 0.7671875 0.375 0.096875 0.35625
4 0.83203125 0.40859375 0.0890625 0.2578125
4 0.90546875 0.4375 0.096875 0.4375
4 0.40390625 0.4578125 0.18125 0.43125
2 0.20703125 0.2265625 0.0546875 0.0828125
2 0.7609375 0.271875 0.05 0.1328125
2 0.825 0.33828125 0.0375 0.0953125
0 0.90546875 0.540625 0.0421875 0.0546875
4 0.65 0.2703125 0.1078125 0.184375
2 0.371875 0.33828125 0.103125 0.078125
4 0.209375 0.2109375 0.065625 0.1625
2 0.66796875 0.2328125 0.059375 0.0609375
0 0.7859375 0.4546875 0.0390625 0.0484375