4 0.26484375 0.36640625 0.109375 0.3703125
4 0.89375 0.665625 0.1203125 0.6015625
4 0.14140625 0.8015625 0.2 0.35
4 0.75078125 0.659375 0.1546875 0.5359375
4 0.340625 0.496875 0.1015625 0.48125
0 0.74921875 0.7875 0.0546875 0.0734375
0 0.87265625 0.9015625 0.0625 0.0765625
3 0.32109375 0.36875 0.0390625 0.06875
2 0.75078125 0.50546875 0.078125 0.1328125
2 0.26875 0.24453125 0.059375 0.078125
2 0.1421875 0.72265625 0.0578125 0.128125
3 0.103125 0.7453125 0.0796875 0.1296875
0 0.3171875 0.6578125 0.0546875 0.0796875
0 0.27109375 0.4515625 0.0578125 0.0625
2 0.88671875 0.528125 0.06875 0.1328125