4 0.56328125 0.278125 0.0671875 0.33125
4 0.74375 0.253125 0.090625 0.2421875
2 0.87265625 0.44765625 0.0515625 0.1
2 0.73984375 0.184375 0.03125 0.0765625
2 0.56328125 0.17890625 0.046875 0.11875
2 0.4828125 0.20703125 0.034375 0.0796875
2 0.2375 0.38984375 0.0515625 0.109375
0 0.88125 0.646875 0.0375 0.0796875
0 0.49140625 0.36640625 0.0328125 0.05625
0 0.54921875 0.35 0.0390625 0.059375
0 0.2375 0.60078125 0.0421875 0.0546875
4 0.22890625 0.50390625 0.0890625 0.31875
4 0.871875 0.509375 0.0984375 0.3328125
4 0.4796875 0.29609375 0.078125 0.328125