0 0.84765625 0.7265625 0.046875 0.0546875
0 0.76953125 0.48671875 0.0578125 0.05625
0 0.32109375 0.1984375 0.034375 0.0921875
0 0.5921875 0.5875 0.0578125 0.071875
0 0.5203125 0.490625 0.04375 0.0640625
4 0.753125 0.35703125 0.090625 0.3953125
2 0.32734375 0.04140625 0.0421875 0.0671875
2 0.52890625 0.25703125 0.0484375 0.0859375
2 0.615625 0.365625 0.0453125 0.06875
2 0.64765625 0.2546875 0.0453125 0.0703125
1 0.75390625 0.23828125 0.040625 0.0625
2 0.81953125 0.45234375 0.0515625 0.1046875
4 0.6390625 0.35859375 0.1140625 0.446875
4 0.62109375 0.5109375 0.0859375 0.3859375
4 0.53203125 0.41171875 0.071875 0.4640625
4 0.32421875 0.1375 0.0875 0.275
4 0.834375 0.6078125 0.0984375 0.4265625