4 0.75703125 0.33125 0.0953125 0.303125
4 0.89140625 0.38046875 0.1453125 0.3875
4 0.3859375 0.384375 0.1015625 0.30625
4 0.290625 0.17890625 0.1046875 0.315625
2 0.35 0.18984375 0.053125 0.0859375
2 0.38046875 0.25703125 0.0609375 0.1234375
2 0.75703125 0.23828125 0.059375 0.128125
2 0.84921875 0.16171875 0.0546875 0.115625
3 0.8890625 0.2546875 0.059375 0.1046875
2 0.74765625 0.13359375 0.04375 0.0828125
1 0.2875 0.075 0.0421875 0.0796875
4 0.840625 0.21484375 0.0828125 0.2703125
4 0.34921875 0.3046875 0.0703125 0.3359375