2 0.62578125 0.45859375 0.03125 0.0703125
2 0.425 0.43828125 0.0390625 0.040625
2 0.65859375 0.30546875 0.03125 0.0390625
4 0.4359375 0.48984375 0.06875 0.1828125
4 0.5765625 0.4703125 0.065625 0.1859375
4 0.615625 0.4546875 0.059375 0.20625
4 0.65078125 0.33984375 0.0609375 0.14375
4 0.06875 0.6390625 0.090625 0.228125
4 0.1515625 0.50078125 0.0765625 0.1984375
4 0.25078125 0.328125 0.0546875 0.1890625
2 0.5828125 0.42265625 0.03125 0.05625
2 0.14609375 0.4546875 0.0328125 0.0484375
2 0.065625 0.59921875 0.03125 0.0625
2 0.24140625 0.290625 0.0234375 0.0625
1 0.37734375 0.4453125 0.0328125 0.040625
0 0.06640625 0.72578125 0.0484375 0.04375