4 0.61640625 0.771875 0.1296875 0.4078125
4 0.87265625 0.35859375 0.146875 0.275
2 0.1515625 0.5171875 0.06875 0.103125
2 0.6109375 0.65625 0.065625 0.096875
2 0.61484375 0.2078125 0.0421875 0.0890625
2 0.85234375 0.26796875 0.046875 0.0828125
0 0.59375 0.95 0.0625 0.059375
0 0.125 0.78359375 0.0484375 0.040625
0 0.6078125 0.4640625 0.0515625 0.0671875
4 0.61875 0.3390625 0.1109375 0.3875
4 0.98359375 0.33046875 0.0328125 0.3109375
0 0.9875 0.40703125 0.025 0.065625
4 0.1578125 0.66015625 0.115625 0.459375