4 0.2984375 0.58359375 0.0796875 0.4265625
4 0.27109375 0.32421875 0.0796875 0.26875
4 0.14609375 0.8046875 0.1859375 0.29375
2 0.14453125 0.7078125 0.0671875 0.1203125
0 0.2796875 0.72109375 0.046875 0.04375
0 0.74765625 0.78203125 0.059375 0.08125
4 0.9 0.665625 0.096875 0.525
0 0.87421875 0.89921875 0.053125 0.0671875
4 0.753125 0.65625 0.1 0.515625
3 0.284375 0.4359375 0.05 0.0796875
2 0.2703125 0.240625 0.05625 0.065625
2 0.3109375 0.4171875 0.071875 0.103125
2 0.75390625 0.50703125 0.0671875 0.109375
2 0.1 0.72734375 0.0671875 0.090625
2 0.89140625 0.5359375 0.0546875 0.1484375