2 0.26328125 0.35703125 0.065625 0.1
4 0.95078125 0.23203125 0.0703125 0.2921875
0 0.23671875 0.6234375 0.04375 0.06875
0 0.64375 0.72265625 0.0625 0.065625
0 0.3015625 0.3421875 0.04375 0.0671875
4 0.6921875 0.21328125 0.0921875 0.1453125
4 0.6828125 0.3515625 0.0859375 0.265625
4 0.6734375 0.56015625 0.10625 0.4125
4 0.42578125 0.28828125 0.0875 0.34375
2 0.31796875 0.1421875 0.0625 0.0828125
2 0.43828125 0.1796875 0.04375 0.1
2 0.671875 0.4296875 0.071875 0.153125
2 0.6890625 0.29765625 0.0546875 0.1046875
2 0.69921875 0.18671875 0.04375 0.103125
2 0.96484375 0.1109375 0.0390625 0.075
2 0.978125 0.0734375 0.04375 0.0859375
0 0.9484375 0.32890625 0.0328125 0.053125
4 0.30390625 0.25625 0.090625 0.3390625
4 0.240625 0.50703125 0.0890625 0.4828125