2 0.7515625 0.240625 0.0578125 0.1109375
1 0.29140625 0.08046875 0.034375 0.0859375
2 0.3109375 0.05 0.053125 0.0734375
3 0.88515625 0.24765625 0.0421875 0.0875
2 0.384375 0.2765625 0.05625 0.1140625
2 0.3484375 0.1953125 0.0421875 0.103125
2 0.753125 0.15234375 0.0453125 0.1234375
4 0.3515625 0.2625 0.0734375 0.203125
2 0.85078125 0.16328125 0.0515625 0.0796875
4 0.8515625 0.20703125 0.0703125 0.2109375
4 0.88203125 0.37578125 0.1109375 0.3265625
4 0.37734375 0.4 0.1109375 0.2921875
4 0.76015625 0.3453125 0.084375 0.2953125
4 0.74765625 0.18203125 0.0859375 0.1515625