1 0.55625 0.29296875 0.03984375 0.0703125
0 0.36796875 0.559375 0.07265625 0.03125
0 0.7296875 0.6640625 0.103125 0.0375
0 0.02109375 0.55625 0.04140625 0.0609375
1 0.134375 0.25703125 0.05859375 0.08984375
1 0.4453125 0.29375 0.065625 0.10390625
1 0.5125 0.27734375 0.0703125 0.1078125
1 0.4890625 0.31875 0.03125 0.0703125
1 0.7484375 0.3453125 0.078125 0.1234375
1 0.63359375 0.2953125 0.040625 0.07109375
1 0.5890625 0.30625 0.03359375 0.06796875
1 0.928125 0.3109375 0.03203125 0.04296875
1 0.89375 0.28828125 0.02734375 0.0546875
1 0.79921875 0.30703125 0.0421875 0.0671875
4 0.13828125 0.46796875 0.2765625 0.65390625
4 0.75 0.571875 0.196875 0.6328125
4 0.42578125 0.53046875 0.2578125 0.665625