3 0.2375 0.696875 0.11484375 0.1984375
1 0.03984375 0.54609375 0.0671875 0.1515625
0 0.89453125 0.78828125 0.0484375 0.034375
4 0.2578125 0.67734375 0.1890625 0.490625
3 0.90078125 0.521875 0.04296875 0.0890625
3 0.871875 0.4921875 0.03828125 0.090625
3 0.89453125 0.45390625 0.03359375 0.0484375
0 0.496875 0.915625 0.0625 0.07109375
0 0.75 0.85703125 0.0734375 0.03359375
2 0.6296875 0.65546875 0.0890625 0.2015625
2 0.240625 0.56328125 0.0875 0.146875
3 0.103125 0.49375 0.0640625 0.109375
2 0.69453125 0.4703125 0.04140625 0.1
2 0.5484375 0.56484375 0.06875 0.15
2 0.78125 0.56171875 0.06171875 0.13203125
4 0.52265625 0.7390625 0.1546875 0.521875
4 0.63515625 0.7546875 0.10625 0.45859375
4 0.903125 0.68203125 0.1234375 0.521875
4 0.77734375 0.69921875 0.14140625 0.490625