0 0.2703125 0.52109375 0.109375 0.05703125
0 0.590625 0.4390625 0.090625 0.04375
4 0.0640625 0.41328125 0.128125 0.6203125
2 0.8625 0.06015625 0.04609375 0.05703125
2 0.634375 0.12734375 0.053125 0.084375
2 0.403125 0.1359375 0.04609375 0.08046875
2 0.453125 0.12421875 0.04609375 0.08046875
2 0.03828125 0.18515625 0.0640625 0.13359375
1 0.7984375 0.1109375 0.059375 0.0921875
1 0.5671875 0.15859375 0.05625 0.0921875
1 0.27109375 0.20625 0.0828125 0.1296875
0 0.034375 0.39296875 0.06875 0.04140625
0 0.8046875 0.26796875 0.05625 0.03125
0 0.45625 0.26484375 0.07890625 0.03828125
4 0.278125 0.521875 0.14375 0.8109375
4 0.5875 0.40234375 0.12578125 0.678125
4 0.796875 0.22265625 0.0796875 0.3890625