0 0.6359375 0.45546875 0.0546875 0.021875
1 0.34140625 0.30703125 0.03203125 0.05546875
1 0.3921875 0.31328125 0.03984375 0.06484375
0 0.878125 0.53984375 0.071875 0.0265625
0 0.4171875 0.48046875 0.0515625 0.01953125
0 0.28125 0.5359375 0.0671875 0.02421875
2 0.25625 0.2796875 0.0515625 0.1015625
2 0.80703125 0.2484375 0.071875 0.10859375
2 0.60703125 0.2953125 0.04453125 0.06015625
4 0.8359375 0.4890625 0.18203125 0.6671875
4 0.621875 0.40390625 0.10859375 0.35390625
4 0.3984375 0.44921875 0.08671875 0.4171875
4 0.27265625 0.47265625 0.11328125 0.54453125