4 0.8984375 0.3625 0.10390625 0.46640625
4 0.5140625 0.48828125 0.2890625 0.9734375
4 0.15859375 0.4484375 0.21015625 0.89609375
0 0.5203125 0.82265625 0.1328125 0.0390625
0 0.90703125 0.384375 0.04609375 0.0390625
0 0.10546875 0.4828125 0.084375 0.0390625
2 0.1703125 0.078125 0.07890625 0.15625
1 0.92109375 0.22578125 0.03828125 0.09921875
2 0.7359375 0.15234375 0.075 0.1671875
1 0.9734375 0.20234375 0.04453125 0.07421875
1 0.22109375 0.0953125 0.05546875 0.12890625
1 0.57734375 0.15 0.09609375 0.27109375