2 0.84609375 0.22578125 0.04296875 0.1015625
2 0.5578125 0.2109375 0.07734375 0.1859375
2 0.3984375 0.29453125 0.03828125 0.1296875
2 0.1296875 0.190625 0.0890625 0.17265625
2 0.97734375 0.27265625 0.04453125 0.13984375
2 0.046875 0.265625 0.053125 0.13125
2 0.903125 0.18125 0.0859375 0.20859375
2 0.659375 0.228125 0.0703125 0.16171875
4 0.55859375 0.5078125 0.12578125 0.90703125
0 0.8421875 0.665625 0.10625 0.05546875
0 0.6546875 0.4859375 0.0578125 0.05703125
0 0.28515625 0.55625 0.07578125 0.02265625
4 0.121875 0.5171875 0.14921875 0.965625
4 0.859375 0.5 0.1875 0.93984375
4 0.3078125 0.46796875 0.115625 0.81171875
2 0.225 0.25625 0.053125 0.11171875
2 0.303125 0.16953125 0.06640625 0.1484375
0 0.58203125 0.56328125 0.0703125 0.07421875