4 0.4875 0.334375 0.0703125 0.2734375
4 0.37734375 0.79296875 0.06171875 0.334375
4 0.93125 0.45390625 0.09921875 0.3921875
4 0.71015625 0.45859375 0.0921875 0.25703125
2 0.44765625 0.5359375 0.05859375 0.071875
2 0.61875 0.52421875 0.0421875 0.07421875
2 0.5984375 0.42578125 0.04765625 0.05859375
2 0.24296875 0.31796875 0.03359375 0.07421875
2 0.31171875 0.39921875 0.0421875 0.06875
4 0.21875 0.7828125 0.1109375 0.35546875
4 0.59921875 0.7375 0.0921875 0.29453125
4 0.75546875 0.7828125 0.0796875 0.36640625
4 0.4515625 0.6828125 0.07265625 0.38203125
2 0.484375 0.2390625 0.04765625 0.05546875
2 0.434375 0.4453125 0.0390625 0.053125
2 0.590625 0.64453125 0.0390625 0.0765625
3 0.6078125 0.32890625 0.053125 0.06875
2 0.3515625 0.5 0.06875 0.0765625
2 0.58671875 0.103125 0.03359375 0.06328125
3 0.6765625 0.13515625 0.03203125 0.0609375
3 0.9453125 0.33046875 0.03515625 0.0765625
3 0.83515625 0.771875 0.0296875 0.06875
2 0.390625 0.21484375 0.04453125 0.071875
0 0.2359375 0.85703125 0.04765625 0.02109375
0 0.384375 0.88828125 0.03359375 0.03984375
0 0.440625 0.71640625 0.04921875 0.02421875
0 0.60078125 0.82265625 0.0390625 0.03984375
0 0.75546875 0.83515625 0.03671875 0.01328125
0 0.95234375 0.91484375 0.040625 0.0265625
0 0.48515625 0.3765625 0.04609375 0.02421875
0 0.24453125 0.484375 0.03359375 0.02109375
0 0.35703125 0.6734375 0.0390625 0.015625
0 0.690625 0.55859375 0.0390625 0.02421875
0 0.91328125 0.490625 0.0390625 0.015625
2 0.22890625 0.6671875 0.04921875 0.0796875
2 0.2703125 0.5609375 0.04609375 0.06875
2 0.378125 0.69765625 0.0390625 0.05859375
2 0.31953125 0.84453125 0.04765625 0.08984375
2 0.75078125 0.65546875 0.0390625 0.0765625
2 0.86484375 0.80078125 0.03671875 0.06328125
2 0.91796875 0.73046875 0.04765625 0.0796875
2 0.78515625 0.52421875 0.0390625 0.05859375
2 0.80625 0.30390625 0.04453125 0.08515625
2 0.7078125 0.39765625 0.04765625 0.0796875