4 0.04765625 0.50234375 0.0703125 0.40234375
0 0.61484375 0.59453125 0.0375 0.0359375
0 0.20078125 0.66328125 0.0625 0.0359375
0 0.10546875 0.63125 0.0359375 0.0453125
0 0.7296875 0.5328125 0.04140625 0.0359375
0 0.68359375 0.52265625 0.0296875 0.02265625
0 0.05078125 0.540625 0.03125 0.03828125
1 0.1421875 0.41796875 0.04375 0.103125
1 0.05 0.375 0.04609375 0.08984375
1 0.78671875 0.303125 0.0609375 0.12109375
1 0.95390625 0.30703125 0.04765625 0.11015625
1 0.46796875 0.39765625 0.05625 0.1234375
1 0.28828125 0.4203125 0.0359375 0.09921875
2 0.24296875 0.41484375 0.0625 0.153125
2 0.19453125 0.37421875 0.0515625 0.11484375
2 0.40234375 0.38984375 0.0625 0.1171875
2 0.73203125 0.38203125 0.04609375 0.103125
2 0.67890625 0.38125 0.03984375 0.0875
2 0.6109375 0.3953125 0.0609375 0.12109375
4 0.45 0.6109375 0.1421875 0.5890625
4 0.60703125 0.53671875 0.1046875 0.46953125
4 0.67890625 0.50703125 0.0546875 0.37265625
4 0.7328125 0.51875 0.06484375 0.41328125
4 0.22421875 0.603125 0.1234375 0.60703125
4 0.12109375 0.590625 0.0859375 0.49453125
4 0.95234375 0.4453125 0.0828125 0.4359375
0 0.41953125 0.653125 0.0734375 0.0515625