4 0.8359375 0.4734375 0.07734375 0.3484375
0 0.60390625 0.51640625 0.02890625 0.01875
4 0.61015625 0.50703125 0.071875 0.3671875
4 0.66875 0.475 0.06640625 0.35078125
4 0.0609375 0.63828125 0.12109375 0.665625
2 0.46640625 0.45 0.06015625 0.140625
2 0.759375 0.384375 0.03671875 0.071875
1 0.03359375 0.39765625 0.04375 0.11015625
3 0.0625 0.3984375 0.02578125 0.1
3 0.8265625 0.346875 0.02890625 0.05703125
0 0.65390625 0.4796875 0.02578125 0.01640625
0 0.01875 0.67890625 0.0375 0.0265625
0 0.465625 0.76171875 0.0734375 0.02890625
0 0.821875 0.4703125 0.02578125 0.0140625
0 0.75703125 0.53359375 0.0296875 0.02109375
4 0.4765625 0.6703125 0.1828125 0.62734375
4 0.75234375 0.50625 0.09375 0.40078125