4 0.73203125 0.471875 0.184375 0.784375
4 0.428125 0.52578125 0.15078125 0.75703125
1 0.97890625 0.1015625 0.0421875 0.071875
4 0.1671875 0.57265625 0.22578125 0.85390625
2 0.72578125 0.17109375 0.078125 0.13046875
2 0.853125 0.13359375 0.05546875 0.08515625
1 0.13984375 0.3765625 0.1046875 0.19765625
1 0.43359375 0.2359375 0.06171875 0.11484375
1 0.67890625 0.19453125 0.04453125 0.08984375
0 0.73203125 0.50234375 0.0890625 0.02265625
0 0.8484375 0.3546875 0.06796875 0.01328125
0 0.9734375 0.2234375 0.05078125 0.025