1 0.853125 0.1546875 0.06640625 0.1609375
2 0.796875 0.2140625 0.05703125 0.11328125
0 0.08671875 0.63984375 0.0703125 0.08359375
0 0.56171875 0.5390625 0.10703125 0.04765625
0 0.8515625 0.496875 0.09296875 0.04140625
0 0.2703125 0.44375 0.05703125 0.05390625
1 0.11796875 0.128125 0.09296875 0.2140625
1 0.1734375 0.13984375 0.06328125 0.16640625
1 0.2984375 0.1640625 0.06328125 0.16640625
1 0.58203125 0.1484375 0.08359375 0.17265625
3 0.94140625 0.2140625 0.05703125 0.1015625
4 0.5703125 0.4734375 0.15 0.89296875
4 0.3015625 0.38671875 0.1296875 0.69609375
4 0.1234375 0.49140625 0.19296875 0.9703125
4 0.93984375 0.36328125 0.0765625 0.4640625
4 0.853125 0.4015625 0.14296875 0.73828125