4 0.22890625 0.5078125 0.125 0.44765625
4 0.1015625 0.4171875 0.1 0.45
4 0.47265625 0.50625 0.084375 0.528125
4 0.8296875 0.428125 0.09140625 0.484375
4 0.6953125 0.4796875 0.1171875 0.49765625
4 0.57890625 0.4546875 0.0953125 0.45390625
2 0.83515625 0.246875 0.0359375 0.0921875
1 0.87421875 0.2109375 0.0390625 0.09375
2 0.47109375 0.3171875 0.04765625 0.07421875
2 0.21484375 0.340625 0.05078125 0.071875
0 0.1046875 0.46171875 0.05390625 0.0359375
0 0.2484375 0.53671875 0.0625 0.0359375
0 0.83515625 0.4578125 0.0640625 0.03203125
0 0.9375 0.371875 0.02890625 0.0421875
0 0.6921875 0.4640625 0.06484375 0.02578125
0 0.57578125 0.484375 0.059375 0.021875
0 0.29296875 0.47109375 0.0609375 0.01171875
2 0.0953125 0.2640625 0.0609375 0.09609375
2 0.2671875 0.2640625 0.04375 0.071875
2 0.28203125 0.15078125 0.07421875 0.07421875
2 0.56796875 0.284375 0.05078125 0.084375
2 0.7015625 0.31484375 0.059375 0.0921875