2 0.26953125 0.34296875 0.09375 0.140625
2 0.47421875 0.2375 0.05 0.08203125
4 0.2515625 0.55703125 0.1765625 0.6625
4 0.38828125 0.3921875 0.0875 0.3984375
4 0.47421875 0.33828125 0.0734375 0.33046875
4 0.56875 0.38671875 0.09375 0.4265625
4 0.765625 0.51015625 0.1578125 0.63203125
2 0.74921875 0.3046875 0.075 0.15703125
0 0.5671875 0.378125 0.0625 0.0328125
0 0.77578125 0.50078125 0.09375 0.03515625
2 0.38515625 0.25625 0.0515625 0.08203125
0 0.38515625 0.3828125 0.05 0.0328125
0 0.47890625 0.31484375 0.046875 0.03046875
2 0.56015625 0.246875 0.0578125 0.10078125