0 0.67109375 0.73203125 0.0546875 0.03671875
0 0.24140625 0.7015625 0.0625 0.028125
0 0.43984375 0.703125 0.06015625 0.03671875
0 0.7515625 0.75625 0.05234375 0.0328125
0 0.5734375 0.696875 0.0546875 0.03671875
0 0.07109375 0.6140625 0.0578125 0.040625
1 0.4421875 0.5140625 0.04765625 0.08125
1 0.65 0.54453125 0.0453125 0.08125
1 0.7484375 0.540625 0.03984375 0.0890625
1 0.70859375 0.534375 0.0375 0.08125
1 0.6625 0.52265625 0.03515625 0.08125
1 0.5203125 0.5125 0.02265625 0.05703125
1 0.5453125 0.52265625 0.0328125 0.0734375
1 0.37265625 0.5 0.0375 0.0734375
1 0.3328125 0.49765625 0.03515625 0.0609375
1 0.23359375 0.48203125 0.0546875 0.10546875
1 0.19609375 0.46953125 0.0421875 0.0890625
1 0.48515625 0.53046875 0.0328125 0.0609375
2 0.075 0.459375 0.03984375 0.08125
3 0.13515625 0.48984375 0.03984375 0.09375
3 0.27109375 0.49609375 0.0328125 0.06875
3 0.9328125 0.57734375 0.0546875 0.09375
4 0.23984375 0.6609375 0.09765625 0.5078125
4 0.44375 0.68671875 0.09765625 0.48359375
4 0.6640625 0.7171875 0.09765625 0.4796875
4 0.92109375 0.7421875 0.1125 0.41484375
4 0.7828125 0.778125 0.1046875 0.44296875
4 0.56640625 0.67265625 0.09765625 0.41875
4 0.06484375 0.58515625 0.08515625 0.378125
4 0.13984375 0.62421875 0.06484375 0.4109375