1 0.19375 0.3921875 0.0234375 0.04375
0 0.09140625 0.5171875 0.034375 0.04140625
0 0.41875 0.60078125 0.04453125 0.03359375
0 0.85234375 0.58515625 0.0796875 0.02890625
1 0.721875 0.35703125 0.034375 0.0890625
1 0.76640625 0.33984375 0.0625 0.13046875
1 0.40390625 0.3796875 0.0203125 0.06328125
1 0.384375 0.36015625 0.05 0.09453125
0 0.23515625 0.496875 0.05 0.02578125
1 0.253125 0.37734375 0.05 0.075
4 0.2359375 0.48515625 0.09296875 0.359375
4 0.1171875 0.45390625 0.07578125 0.25859375
3 0.11796875 0.40078125 0.034375 0.04609375
4 0.4 0.54375 0.14375 0.5265625
4 0.80234375 0.5546875 0.2625 0.640625