0 0.35 0.52265625 0.0453125 0.0546875
4 0.8078125 0.4765625 0.19375 0.95234375
4 0.6109375 0.52734375 0.19375 0.9078125
2 0.66796875 0.1984375 0.0765625 0.1578125
0 0.7703125 0.6828125 0.1125 0.0921875
0 0.55234375 0.6203125 0.075 0.06015625
0 0.46953125 0.57109375 0.06640625 0.0625
0 0.4015625 0.5328125 0.04765625 0.04765625
0 0.29140625 0.5 0.0421875 0.0578125
2 0.49453125 0.2484375 0.04765625 0.1125
2 0.55625 0.22734375 0.05859375 0.11015625
2 0.81484375 0.10390625 0.09375 0.20234375
2 0.146875 0.32109375 0.0234375 0.0546875
2 0.1703125 0.32109375 0.02890625 0.05
2 0.2078125 0.3125 0.02265625 0.0546875
2 0.2296875 0.2953125 0.0265625 0.05234375
2 0.26328125 0.2953125 0.02890625 0.0703125
2 0.2953125 0.2890625 0.03359375 0.0703125
2 0.346875 0.2890625 0.0328125 0.0828125
2 0.38125 0.26640625 0.04375 0.1
2 0.43359375 0.2625 0.04140625 0.08984375