4 0.35390625 0.403125 0.1859375 0.77421875
4 0.4890625 0.34296875 0.153125 0.615625
4 0.890625 0.475 0.19765625 0.92421875
4 0.65703125 0.49765625 0.2984375 0.94609375
4 0.190625 0.47890625 0.25625 0.934375
2 0.8875 0.1296875 0.12734375 0.228125
3 0.4984375 0.12578125 0.09296875 0.1421875
2 0.65703125 0.175 0.17265625 0.29609375
2 0.03046875 0.14921875 0.0609375 0.1578125
2 0.196875 0.1328125 0.16484375 0.215625
2 0.8109375 0.14609375 0.08828125 0.1421875
3 0.76484375 0.1546875 0.04921875 0.11171875
0 0.16953125 0.6171875 0.16953125 0.05625
0 0.6328125 0.78984375 0.21015625 0.0578125
0 0.3203125 0.4921875 0.0765625 0.04765625