4 0.84765625 0.3265625 0.0453125 0.24609375
2 0.46171875 0.271875 0.03984375 0.07265625
4 0.3296875 0.57421875 0.2109375 0.81640625
4 0.10703125 0.5515625 0.165625 0.803125
3 0.6828125 0.25546875 0.02890625 0.05625
2 0.125 0.29296875 0.0890625 0.1703125
2 0.34453125 0.30234375 0.08359375 0.18671875
2 0.51875 0.26640625 0.05 0.115625
1 0.3953125 0.309375 0.046875 0.15078125
0 0.27890625 0.7375 0.1 0.059375
0 0.08203125 0.59140625 0.09609375 0.04765625
0 0.5015625 0.490625 0.0578125 0.0296875
0 0.6359375 0.4359375 0.0625 0.021875
0 0.8453125 0.33359375 0.028125 0.02109375
0 0.75234375 0.33125 0.02421875 0.01640625
0 0.71953125 0.34375 0.03203125 0.01953125
2 0.65078125 0.26328125 0.04453125 0.10546875
4 0.51875 0.4484375 0.1140625 0.55234375
4 0.64453125 0.3984375 0.103125 0.4265625
4 0.7296875 0.35390625 0.046875 0.29609375