2 0.07109375 0.3203125 0.08671875 0.21328125
4 0.08125 0.584375 0.14453125 0.78828125
2 0.6359375 0.33046875 0.08828125 0.175
2 0.35546875 0.36796875 0.08046875 0.13828125
0 0.48671875 0.675 0.06640625 0.04296875
0 0.36875 0.68046875 0.05859375 0.05234375
0 0.92890625 0.68203125 0.12578125 0.06171875
0 0.66875 0.696875 0.1015625 0.0453125
0 0.26796875 0.7171875 0.1015625 0.059375
0 0.07890625 0.68984375 0.1015625 0.0453125
2 0.22890625 0.29453125 0.08671875 0.16171875
2 0.46328125 0.3546875 0.08671875 0.16328125
2 0.8875 0.253125 0.1 0.21171875
4 0.90625 0.56484375 0.184375 0.859375
4 0.66171875 0.56171875 0.18671875 0.79765625
4 0.4703125 0.58046875 0.13125 0.68671875
4 0.2515625 0.540625 0.16640625 0.79765625