4 0.07578125 0.54765625 0.1328125 0.63671875
4 0.42109375 0.61015625 0.190625 0.678125
4 0.21796875 0.46015625 0.1578125 0.55234375
2 0.49609375 0.2515625 0.0296875 0.0484375
2 0.70625 0.2515625 0.02265625 0.05234375
2 0.66796875 0.25546875 0.025 0.0421875
2 0.528125 0.32421875 0.0453125 0.090625
2 0.45390625 0.26328125 0.03046875 0.071875
2 0.459375 0.39609375 0.0921875 0.14609375
2 0.5875 0.2765625 0.034375 0.0671875
0 0.37578125 0.690625 0.0828125 0.05390625
0 0.1921875 0.515625 0.0671875 0.046875
0 0.3640625 0.44609375 0.059375 0.03046875
0 0.82109375 0.3734375 0.03828125 0.03046875
2 0.08359375 0.3390625 0.0734375 0.1125
2 0.24375 0.3078125 0.05390625 0.11015625
2 0.38359375 0.2984375 0.0453125 0.08359375