0 0.9515625 0.52734375 0.0609375 0.025
0 0.6796875 0.44609375 0.07734375 0.03671875
0 0.58515625 0.4765625 0.0484375 0.04921875
4 0.77109375 0.46875 0.0796875 0.425
4 0.68125 0.48359375 0.10859375 0.58984375
4 0.95078125 0.47890625 0.08203125 0.46484375
4 0.57734375 0.43203125 0.1 0.40703125
4 0.8578125 0.4984375 0.1 0.490625
0 0.10234375 0.42421875 0.065625 0.03125
0 0.32265625 0.6125 0.11015625 0.0875
4 0.12109375 0.440625 0.1421875 0.58671875
4 0.33984375 0.48671875 0.190625 0.96875
1 0.84921875 0.31015625 0.0546875 0.0890625
1 0.9484375 0.3140625 0.03984375 0.0875
2 0.34453125 0.1234375 0.1171875 0.2046875
2 0.57890625 0.325 0.046875 0.09609375
2 0.68515625 0.271875 0.07578125 0.1203125
2 0.76171875 0.32265625 0.0421875 0.09453125
3 0.1203125 0.24140625 0.071875 0.11875
0 0.75078125 0.45546875 0.03984375 0.02109375