4 0.86484375 0.459375 0.184375 0.86875
4 0.37265625 0.40546875 0.1390625 0.7421875
0 0.90234375 0.56171875 0.0703125 0.06875
0 0.384375 0.46328125 0.06328125 0.05546875
4 0.48125 0.2828125 0.12265625 0.55234375
1 0.86640625 0.16328125 0.07734375 0.165625
0 0.60390625 0.1921875 0.03125 0.03984375
1 0.83359375 0.1578125 0.05859375 0.13671875
4 0.60390625 0.2 0.09453125 0.4
0 0.49140625 0.265625 0.04453125 0.03984375
2 0.3640625 0.140625 0.08046875 0.1578125
2 0.59453125 0.05546875 0.04453125 0.0765625
2 0.4625 0.0984375 0.06015625 0.1265625