4 0.60703125 0.54375 0.14765625 0.5640625
4 0.36171875 0.534375 0.11328125 0.50234375
1 0.303125 0.36328125 0.046875 0.08828125
4 0.46015625 0.540625 0.084375 0.37578125
4 0.2984375 0.52109375 0.0796875 0.45
2 0.2265625 0.378125 0.034375 0.07421875
2 0.3984375 0.359375 0.03984375 0.09765625
2 0.3578125 0.35234375 0.0546875 0.1078125
2 0.60546875 0.36015625 0.05625 0.11015625
0 0.3578125 0.5703125 0.0640625 0.03203125
0 0.6078125 0.57890625 0.05703125 0.02421875
0 0.21953125 0.51484375 0.04296875 0.0203125
0 0.459375 0.56875 0.03046875 0.0203125
0 0.1359375 0.4796875 0.03359375 0.01796875
2 0.45 0.40625 0.04375 0.078125
4 0.221875 0.49921875 0.071875 0.34765625