2 0.68359375 0.18046875 0.0828125 0.1375
2 0.34296875 0.20859375 0.115625 0.1890625
2 0.8875 0.1828125 0.15546875 0.24921875
0 0.64375 0.43671875 0.05390625 0.04140625
0 0.578125 0.8890625 0.10546875 0.13359375
3 0.5796875 0.1671875 0.0484375 0.05859375
2 0.20390625 0.2 0.13828125 0.19609375
2 0.79296875 0.1828125 0.04453125 0.08125
2 0.7375 0.15625 0.06171875 0.11875
4 0.67109375 0.27109375 0.21875 0.4359375
4 0.23984375 0.51640625 0.4796875 0.9671875
4 0.7484375 0.49921875 0.4828125 0.96953125