0 0.15 0.50546875 0.03515625 0.0296875
0 0.2265625 0.51796875 0.0359375 0.01796875
0 0.30390625 0.50703125 0.0328125 0.0203125
0 0.3453125 0.50546875 0.025 0.0390625
1 0.71875 0.4171875 0.0390625 0.12421875
2 0.3546875 0.39140625 0.02734375 0.05703125
2 0.32265625 0.37578125 0.0234375 0.05703125
2 0.084375 0.371875 0.02734375 0.05078125
2 0.0171875 0.36640625 0.034375 0.0640625
3 0.978125 0.44140625 0.03984375 0.078125
2 0.4765625 0.39453125 0.0296875 0.0640625
1 0.146875 0.38203125 0.02734375 0.05078125
1 0.178125 0.3796875 0.0296875 0.07578125
1 0.25390625 0.371875 0.02734375 0.07109375
4 0.240625 0.50703125 0.09140625 0.41484375
4 0.34609375 0.5078125 0.11640625 0.36015625
4 0.01953125 0.46640625 0.0390625 0.3828125
4 0.075 0.4625 0.04609375 0.25703125
4 0.4703125 0.50703125 0.07109375 0.38515625
4 0.7125 0.603125 0.10234375 0.62578125