4 0.14375 0.51796875 0.21015625 0.96015625
4 0.4171875 0.50546875 0.3171875 0.9
4 0.86640625 0.52890625 0.2671875 0.9421875
2 0.153125 0.21796875 0.17421875 0.3015625
2 0.8875 0.271875 0.2125 0.378125
2 0.328125 0.25 0.12265625 0.23203125
2 0.50390625 0.146875 0.10234375 0.18046875
2 0.74296875 0.1484375 0.12265625 0.203125
3 0.06875 0.10625 0.09296875 0.13515625
2 0.434375 0.2609375 0.15546875 0.3109375
2 0.6453125 0.24921875 0.1765625 0.303125
0 0.48046875 0.76015625 0.15546875 0.04296875
0 0.8859375 0.93984375 0.228125 0.078125
0 0.140625 0.946875 0.13515625 0.05390625