4 0.690625 0.71484375 0.071875 0.4734375
0 0.79140625 0.775 0.04453125 0.03671875
2 0.0296875 0.525 0.03828125 0.084375
3 0.328125 0.53125 0.034375 0.08125
2 0.621875 0.559375 0.03828125 0.09453125
4 0.215625 0.6828125 0.06328125 0.45234375
1 0.378125 0.5484375 0.03125 0.0734375
2 0.28203125 0.50390625 0.053125 0.11875
2 0.08359375 0.5421875 0.04296875 0.0921875
4 0.12109375 0.67109375 0.07265625 0.43125
4 0.8078125 0.7234375 0.07734375 0.50234375
4 0.75 0.7171875 0.07421875 0.5
4 0.03203125 0.709375 0.0640625 0.4921875
2 0.74765625 0.54609375 0.05 0.09765625
2 0.48125 0.52890625 0.04609375 0.09453125
0 0.29609375 0.75 0.0515625 0.01875
0 0.38203125 0.76015625 0.04609375 0.02890625
0 0.21640625 0.7421875 0.0484375 0.03125
0 0.1171875 0.74609375 0.06015625 0.05234375
4 0.29140625 0.6765625 0.09765625 0.534375
0 0.75078125 0.75625 0.04140625 0.02890625
2 0.22421875 0.51953125 0.04609375 0.11015625
0 0.953125 0.80234375 0.04140625 0.08671875
2 0.42109375 0.56875 0.03984375 0.0921875
2 0.79296875 0.54765625 0.04609375 0.08671875
2 0.18984375 0.51875 0.046875 0.1
0 0.03359375 0.70234375 0.034375 0.03671875
0 0.8265625 0.76953125 0.03828125 0.0234375
2 0.12734375 0.52734375 0.04609375 0.1078125
3 0.684375 0.540625 0.05 0.09453125