2 0.34375 0.39453125 0.059375 0.0859375
0 0.065625 0.534375 0.059375 0.02265625
1 0.71328125 0.465625 0.04140625 0.096875
2 0.7171875 0.30546875 0.04140625 0.103125
2 0.765625 0.3796875 0.059375 0.10859375
2 0.5140625 0.4140625 0.0765625 0.096875
2 0.1546875 0.334375 0.0453125 0.0859375
2 0.43046875 0.37421875 0.03828125 0.07421875
2 0.9390625 0.35703125 0.05546875 0.09140625
2 0.23984375 0.365625 0.0625 0.09140625
0 0.8453125 0.57421875 0.065625 0.05703125
0 0.528125 0.73984375 0.065625 0.02890625
0 0.4203125 0.68828125 0.0625 0.034375
2 0.6421875 0.46015625 0.059375 0.103125
2 0.5921875 0.35390625 0.0453125 0.0859375