4 0.284375 0.65546875 0.11015625 0.5015625
1 0.440625 0.46484375 0.03203125 0.06015625
1 0.54921875 0.5078125 0.025 0.07265625
1 0.66796875 0.503125 0.03671875 0.06328125
1 0.82109375 0.51875 0.03359375 0.06015625
1 0.125 0.4921875 0.03203125 0.06953125
2 0.27890625 0.484375 0.03515625 0.0890625
4 0.865625 0.66640625 0.1796875 0.53359375
4 0.12734375 0.65234375 0.11328125 0.4953125
4 0.4359375 0.63984375 0.10703125 0.5171875
4 0.5625 0.66484375 0.1015625 0.44453125
4 0.68984375 0.66796875 0.11796875 0.46015625