2 0.55859375 0.41484375 0.03828125 0.0453125
2 0.45546875 0.3875 0.03515625 0.040625
2 0.3765625 0.4046875 0.03046875 0.0546875
2 0.334375 0.421875 0.03671875 0.0625
2 0.12734375 0.41875 0.04765625 0.0765625
2 0.94765625 0.41953125 0.03359375 0.04296875
2 0.728125 0.41953125 0.025 0.04296875
2 0.61953125 0.42578125 0.02734375 0.04765625
2 0.43125 0.421875 0.02578125 0.04296875
4 0.51953125 0.5 0.075 0.3015625
4 0.2375 0.5265625 0.0859375 0.325
4 0.33125 0.53203125 0.05703125 0.32265625
4 0.43671875 0.52421875 0.06171875 0.284375
4 0.625 0.51640625 0.07109375 0.3015625
4 0.7421875 0.521875 0.07421875 0.284375
4 0.83046875 0.52890625 0.0875 0.29921875
4 0.13984375 0.5203125 0.0765625 0.36328125
4 0.03359375 0.484375 0.04921875 0.3328125
2 0.646875 0.41484375 0.025 0.0453125
2 0.67578125 0.41015625 0.03203125 0.0546875
2 0.76875 0.41484375 0.03046875 0.0453125
3 0.0328125 0.4015625 0.03515625 0.05703125
3 0.0859375 0.41484375 0.0234375 0.0546875
2 0.2265625 0.41953125 0.03671875 0.06015625
2 0.50859375 0.40703125 0.03046875 0.06015625
2 0.81640625 0.42109375 0.04140625 0.04765625
0 0.02421875 0.51875 0.03828125 0.02421875
0 0.07734375 0.521875 0.03671875 0.021875
0 0.12109375 0.55234375 0.04140625 0.01171875
0 0.2453125 0.55234375 0.03984375 0.01875
0 0.328125 0.52421875 0.03515625 0.0046875
0 0.384375 0.51640625 0.03515625 0.01171875
0 0.4375 0.5515625 0.04609375 0.01640625
0 0.53359375 0.5421875 0.02890625 0.01640625
0 0.62421875 0.546875 0.04453125 0.01640625
0 0.73984375 0.50859375 0.02890625 0.0140625
0 0.96328125 0.53984375 0.03515625 0.0140625