0 0.97265625 0.55390625 0.0546875 0.02265625
4 0.87890625 0.48828125 0.2421875 0.84296875
4 0.8671875 0.484375 0.18828125 0.81875
4 0.3671875 0.45546875 0.178125 0.76171875
4 0.1421875 0.41328125 0.19609375 0.69296875
2 0.6296875 0.21953125 0.08984375 0.17265625
2 0.3671875 0.184375 0.07578125 0.15859375
2 0.17265625 0.15859375 0.0703125 0.13359375
1 0.90234375 0.165625 0.090625 0.16328125
1 0.80390625 0.1484375 0.0609375 0.1125
1 0.42578125 0.17421875 0.06015625 0.08984375
0 0.659375 0.57109375 0.115625 0.0453125
0 0.3421875 0.50234375 0.0828125 0.04609375
0 0.11171875 0.44375 0.090625 0.0390625