3 0.7578125 0.3546875 0.0234375 0.05
3 0.87421875 0.35625 0.03671875 0.08046875
4 0.7734375 0.575 0.14140625 0.659375
3 0.72890625 0.346875 0.04296875 0.0625
2 0.59453125 0.33046875 0.0765625 0.12265625
1 0.80625 0.34296875 0.06328125 0.12265625
0 0.96484375 0.58515625 0.06015625 0.06484375
0 0.73984375 0.83671875 0.0765625 0.07734375
0 0.52890625 0.646875 0.06015625 0.06796875
2 0.925 0.3296875 0.0515625 0.0828125
4 0.5796875 0.53671875 0.209375 0.68203125
4 0.94765625 0.50859375 0.1046875 0.50390625