4 0.0671875 0.39375 0.125 0.7875
0 0.87578125 0.690625 0.0890625 0.0390625
4 0.5359375 0.52578125 0.2125 0.9484375
4 0.7859375 0.55390625 0.171875 0.85703125
4 0.22734375 0.50859375 0.171875 0.87890625
0 0.23671875 0.76171875 0.09765625 0.0609375
2 0.86953125 0.2421875 0.07421875 0.225
0 0.06875 0.63203125 0.08046875 0.090625
0 0.57734375 0.77265625 0.10390625 0.04765625
0 0.8140625 0.8140625 0.0828125 0.06484375
2 0.19453125 0.21015625 0.09375 0.225
2 0.5171875 0.2296875 0.09140625 0.2640625
2 0.06171875 0.12578125 0.09140625 0.21640625
2 0.26640625 0.08203125 0.0640625 0.1640625
2 0.76875 0.26171875 0.1 0.225
2 0.7984375 0.0734375 0.059375 0.146875