2 0.32578125 0.31796875 0.07265625 0.08359375
4 0.48984375 0.44765625 0.1640625 0.5234375
4 0.6109375 0.4265625 0.1046875 0.41015625
0 0.9234375 0.52890625 0.0875 0.02265625
1 0.7578125 0.3125 0.075 0.0890625
1 0.92109375 0.3140625 0.06484375 0.0765625
0 0.60078125 0.4515625 0.06484375 0.03359375
0 0.4859375 0.44453125 0.11640625 0.02890625
4 0.9203125 0.4609375 0.13515625 0.4140625
2 0.6203125 0.32109375 0.0875 0.0875
4 0.32109375 0.43359375 0.14140625 0.36484375
2 0.490625 0.265625 0.0859375 0.11015625
4 0.7609375 0.478125 0.1875 0.4828125