0 0.11796875 0.4453125 0.06171875 0.065625
0 0.26328125 0.45390625 0.0875 0.03828125
0 0.5234375 0.50546875 0.0984375 0.0546875
2 0.5546875 0.22421875 0.06875 0.1421875
2 0.76171875 0.21328125 0.09453125 0.16953125
2 0.365625 0.18828125 0.0765625 0.13125
2 0.24375 0.2265625 0.06171875 0.12578125
0 0.81640625 0.5546875 0.12734375 0.06015625
4 0.7890625 0.51640625 0.221875 0.86328125
4 0.365625 0.4234375 0.1421875 0.6390625
4 0.5421875 0.47578125 0.16328125 0.71015625
4 0.18203125 0.4234375 0.21484375 0.628125