2 0.61171875 0.0625 0.04375 0.0734375
4 0.4796875 0.29609375 0.134375 0.51640625
4 0.35234375 0.4359375 0.20546875 0.80234375
2 0.45703125 0.096875 0.05703125 0.09765625
4 0.6234375 0.18671875 0.10390625 0.346875
4 0.9015625 0.48671875 0.19296875 0.88359375
0 0.625 0.19765625 0.03984375 0.0328125
0 0.11171875 0.3125 0.09765625 0.04296875
2 0.34296875 0.15390625 0.08828125 0.1609375
0 0.36328125 0.4609375 0.05859375 0.0390625
0 0.971875 0.5671875 0.0546875 0.065625
0 0.48671875 0.26015625 0.05625 0.05078125
1 0.9296875 0.159375 0.0625 0.15703125
1 0.89609375 0.16640625 0.04140625 0.1328125