1 0.4953125 0.33828125 0.03359375 0.04296875
0 0.9609375 0.47421875 0.05078125 0.0375
1 0.94765625 0.3125 0.05 0.06796875
1 0.78671875 0.303125 0.03359375 0.065625
1 0.81796875 0.31640625 0.025 0.0625
1 0.87265625 0.3140625 0.02421875 0.0453125
1 0.5515625 0.32421875 0.03828125 0.065625
1 0.4140625 0.346875 0.03359375 0.04453125
1 0.63046875 0.3046875 0.04765625 0.096875
1 0.7515625 0.3140625 0.0453125 0.078125
4 0.75703125 0.46328125 0.10546875 0.4625
4 0.165625 0.58203125 0.32421875 0.66328125
4 0.58984375 0.5609375 0.1671875 0.64765625
4 0.4125 0.4140625 0.07265625 0.2109375
4 0.94140625 0.44609375 0.10546875 0.40078125
1 0.2 0.35234375 0.06640625 0.11875
1 0.60078125 0.3203125 0.06328125 0.115625
0 0.5609375 0.55625 0.0640625 0.0546875
0 0.03359375 0.68359375 0.0421875 0.05078125
1 0.26953125 0.321875 0.06640625 0.11015625