1 0.6671875 0.29296875 0.0796875 0.11015625
0 0.7015625 0.6625 0.0953125 0.06796875
2 0.35703125 0.29609375 0.04921875 0.07890625
2 0.47734375 0.28515625 0.04921875 0.06796875
2 0.6125 0.259375 0.053125 0.1046875
2 0.8078125 0.275 0.0609375 0.08359375
0 0.48125 0.52890625 0.05703125 0.0421875
0 0.34375 0.47890625 0.06875 0.0734375
0 0.1390625 0.6703125 0.09140625 0.06796875
0 0.8171875 0.44765625 0.053125 0.0421875
2 0.12578125 0.3296875 0.08359375 0.12578125
2 0.23984375 0.30859375 0.0796875 0.1046875
4 0.35703125 0.4421875 0.10234375 0.434375
4 0.2296875 0.4921875 0.11015625 0.5546875
4 0.1140625 0.565625 0.159375 0.67578125
4 0.4828125 0.41875 0.10625 0.40859375
4 0.8171875 0.37734375 0.11796875 0.35078125
4 0.684375 0.5390625 0.1671875 0.69609375