0 0.72578125 0.78984375 0.034375 0.02890625
2 0.8296875 0.66484375 0.0296875 0.065625
0 0.2203125 0.81171875 0.046875 0.0234375
0 0.8046875 0.77890625 0.03125 0.0234375
0 0.65703125 0.78828125 0.03828125 0.03671875
4 0.59921875 0.765625 0.05703125 0.40546875
4 0.52109375 0.75546875 0.09140625 0.42109375
0 0.5984375 0.79765625 0.04609375 0.0265625
0 0.51171875 0.82265625 0.0375 0.02890625
0 0.325 0.83125 0.0328125 0.0421875
2 0.721875 0.63828125 0.03828125 0.08125
2 0.66328125 0.64609375 0.0375 0.0765625
2 0.52734375 0.62890625 0.04453125 0.1
2 0.23515625 0.62265625 0.05703125 0.1
4 0.3265625 0.7578125 0.1015625 0.41875
4 0.22734375 0.75 0.08046875 0.41328125
4 0.66171875 0.76015625 0.05703125 0.36015625
1 0.84140625 0.640625 0.02578125 0.06015625
1 0.78671875 0.66328125 0.02890625 0.05546875
1 0.5953125 0.6515625 0.0359375 0.0765625
1 0.33359375 0.6328125 0.0375 0.08671875
4 0.72421875 0.77265625 0.06015625 0.36875
4 0.82421875 0.759375 0.08125 0.32890625