2 0.3109375 0.13125 0.0625 0.125
2 0.4328125 0.10390625 0.0921875 0.175
2 0.2640625 0.13515625 0.0578125 0.12109375
2 0.1578125 0.11875 0.0453125 0.0875
0 0.09140625 0.51015625 0.09765625 0.0375
2 0.0953125 0.11640625 0.0703125 0.1625
2 0.69765625 0.13515625 0.075 0.16640625
0 0.43984375 0.57890625 0.1078125 0.03359375
0 0.7265625 0.50234375 0.08515625 0.03359375
0 0.3046875 0.42109375 0.075 0.03359375
4 0.4578125 0.48359375 0.1921875 0.9125
4 0.7109375 0.44140625 0.2 0.86640625
4 0.11015625 0.42109375 0.15 0.825
4 0.29765625 0.36484375 0.1453125 0.68359375