4 0.6265625 0.7078125 0.08671875 0.384375
4 0.35 0.68515625 0.0796875 0.39765625
4 0.76953125 0.7078125 0.0953125 0.42421875
4 0.50234375 0.7046875 0.06875 0.4421875
4 0.18125 0.67578125 0.06484375 0.34765625
4 0.06953125 0.68125 0.0921875 0.4
0 0.17578125 0.734375 0.0265625 0.01796875
0 0.9671875 0.7203125 0.03984375 0.0140625
0 0.85234375 0.71484375 0.02890625 0.0203125
0 0.76953125 0.73671875 0.046875 0.01171875
0 0.63125 0.73828125 0.03828125 0.01796875
0 0.421875 0.72265625 0.04140625 0.02578125
2 0.0765625 0.54921875 0.04296875 0.0859375
2 0.7734375 0.55078125 0.0359375 0.08203125
2 0.890625 0.58125 0.0265625 0.05
2 0.1875 0.55234375 0.0453125 0.0640625
2 0.2421875 0.55390625 0.0359375 0.07421875
2 0.30390625 0.5609375 0.046875 0.07421875
2 0.35390625 0.55390625 0.04296875 0.084375
2 0.4234375 0.56015625 0.0453125 0.0796875
2 0.496875 0.553125 0.0453125 0.11015625
2 0.62578125 0.584375 0.05625 0.071875
2 0.8515625 0.578125 0.03828125 0.065625
2 0.9546875 0.57421875 0.06796875 0.078125