2 0.728125 0.11171875 0.05859375 0.121875
3 0.76171875 0.23359375 0.0765625 0.1765625
2 0.84375 0.24765625 0.0875 0.18828125
2 0.4890625 0.13203125 0.13046875 0.21171875
1 0.3390625 0.184375 0.05703125 0.16796875
0 0.125 0.56484375 0.09609375 0.04609375
0 0.3390625 0.6578125 0.06484375 0.0375
2 0.815625 0.1234375 0.06640625 0.121875
2 0.9625 0.15078125 0.06953125 0.159375
2 0.3953125 0.2046875 0.09453125 0.2171875
2 0.1375 0.18671875 0.0828125 0.17421875
0 0.76875 0.5390625 0.09921875 0.05234375
0 0.471875 0.578125 0.0796875 0.0578125
4 0.13515625 0.43046875 0.1578125 0.77421875
4 0.471875 0.5203125 0.196875 0.959375
4 0.7671875 0.48515625 0.14921875 0.7796875
4 0.35390625 0.4390625 0.13359375 0.77109375