0 0.6109375 0.6953125 0.084375 0.0265625
0 0.521875 0.6953125 0.0796875 0.021875
4 0.215625 0.6640625 0.253125 0.60859375
3 0.42421875 0.61328125 0.0265625 0.03984375
2 0.8359375 0.4640625 0.1109375 0.115625
2 0.50859375 0.5734375 0.0578125 0.0578125
2 0.60859375 0.55546875 0.07578125 0.0890625
2 0.246875 0.47109375 0.1203125 0.1109375
0 0.18203125 0.7046875 0.1375 0.03125
0 0.90859375 0.7265625 0.1109375 0.0359375
4 0.5046875 0.678125 0.1203125 0.33359375
4 0.85078125 0.6640625 0.2265625 0.6359375
4 0.4203125 0.6640625 0.07109375 0.1640625
4 0.62421875 0.66015625 0.1421875 0.3375