2 0.95625 0.1484375 0.0875 0.15703125
3 0.56328125 0.14140625 0.0921875 0.17890625
0 0.9546875 0.51796875 0.08984375 0.05703125
0 0.85859375 0.4375 0.08515625 0.04609375
4 0.4328125 0.40703125 0.38828125 0.78203125
4 0.68125 0.5125 0.41875 0.86796875
2 0.3765625 0.1390625 0.08203125 0.15
2 0.4578125 0.1265625 0.103125 0.17890625
0 0.53046875 0.51953125 0.12578125 0.05390625
3 0.71328125 0.14609375 0.11015625 0.18203125
0 0.2390625 0.35546875 0.07734375 0.0359375
2 0.27734375 0.1 0.0875 0.14296875