4 0.81796875 0.728125 0.0875 0.54375
4 0.16875 0.65625 0.10234375 0.565625
4 0.05859375 0.73125 0.1171875 0.47109375
0 0.54921875 0.6953125 0.0546875 0.00859375
2 0.8109375 0.55390625 0.06015625 0.1484375
3 0.8796875 0.68046875 0.05 0.109375
2 0.95546875 0.765625 0.0703125 0.12421875
2 0.33046875 0.53046875 0.05546875 0.09921875
2 0.60546875 0.2359375 0.0671875 0.10703125
3 0.6859375 0.38203125 0.046875 0.12734375
2 0.07734375 0.571875 0.06171875 0.1171875
2 0.21796875 0.36640625 0.065625 0.1375
2 0.18671875 0.271875 0.04140625 0.09765625
2 0.315625 0.24609375 0.053125 0.0921875
2 0.28359375 0.146875 0.06171875 0.0890625
2 0.42578125 0.10234375 0.0546875 0.06953125
2 0.4328125 0.1984375 0.0546875 0.09453125
2 0.446875 0.38671875 0.0546875 0.0921875
2 0.4875 0.2921875 0.05859375 0.0859375
2 0.74140625 0.48125 0.065625 0.0921875
2 0.50234375 0.03984375 0.06484375 0.0796875
3 0.50703125 0.66953125 0.04140625 0.10703125
1 0.56328125 0.4828125 0.046875 0.0890625
0 0.04140625 0.82578125 0.06328125 0.0515625
0 0.16171875 0.67109375 0.0671875 0.034375
0 0.3234375 0.715625 0.05703125 0.03125
0 0.50390625 0.94375 0.0546875 0.034375
0 0.71796875 0.67734375 0.065625 0.034375
0 0.8015625 0.7796875 0.05859375 0.028125
0 0.8375 0.91953125 0.04296875 0.04921875
0 0.42890625 0.62109375 0.05078125 0.03828125
0 0.32421875 0.44375 0.03671875 0.0265625
4 0.3234375 0.72109375 0.09453125 0.50703125
4 0.503125 0.77734375 0.0796875 0.40703125
2 0.14921875 0.47734375 0.05234375 0.13515625
4 0.43671875 0.58984375 0.096875 0.53515625
4 0.73125 0.66953125 0.11015625 0.5421875