4 0.403125 0.5734375 0.15625 0.59921875
4 0.66875 0.453125 0.08671875 0.28515625
4 0.76640625 0.43203125 0.06328125 0.2234375
4 0.84375 0.453125 0.0734375 0.2765625
4 0.56796875 0.50546875 0.11328125 0.38671875
2 0.44453125 0.35859375 0.0453125 0.0890625
0 0.64140625 0.4515625 0.0234375 0.0328125
2 0.41328125 0.4078125 0.05625 0.0828125
0 0.82890625 0.44609375 0.0328125 0.0328125
0 0.75546875 0.44296875 0.03203125 0.0265625
2 0.66640625 0.36640625 0.02890625 0.04375
2 0.84140625 0.371875 0.03203125 0.06015625
2 0.5734375 0.375 0.0453125 0.06640625
0 0.5546875 0.5125 0.03984375 0.0328125
0 0.38203125 0.59921875 0.07421875 0.06640625