2 0.82734375 0.659375 0.0296875 0.065625
0 0.65703125 0.78515625 0.0359375 0.02109375
0 0.72421875 0.7828125 0.02734375 0.02890625
0 0.80390625 0.78125 0.04140625 0.034375
1 0.3296875 0.6234375 0.03984375 0.0765625
1 0.596875 0.64453125 0.0296875 0.065625
1 0.78515625 0.65 0.02265625 0.04765625
2 0.22890625 0.615625 0.034375 0.0765625
2 0.521875 0.63046875 0.0359375 0.0921875
2 0.7171875 0.63984375 0.0328125 0.084375
2 0.6609375 0.65234375 0.04453125 0.0578125
4 0.82265625 0.76953125 0.08984375 0.3734375
4 0.72890625 0.7515625 0.0703125 0.4
4 0.66015625 0.75234375 0.05546875 0.3421875
4 0.5984375 0.76953125 0.065625 0.415625
4 0.52109375 0.7578125 0.08046875 0.43671875
4 0.334375 0.759375 0.1015625 0.47109375
4 0.2234375 0.76328125 0.0859375 0.4421875
0 0.321875 0.83046875 0.03125 0.0234375
0 0.2171875 0.81171875 0.04296875 0.03125
0 0.5125 0.82109375 0.0359375 0.034375
0 0.5953125 0.79609375 0.0328125 0.01875