4 0.315625 0.35703125 0.1140625 0.4828125
4 0.4578125 0.57109375 0.21171875 0.82734375
0 0.7171875 0.38984375 0.05703125 0.03984375
2 0.096875 0.32578125 0.11640625 0.1921875
2 0.1046875 0.16640625 0.07734375 0.1015625
2 0.30703125 0.184375 0.06484375 0.1046875
2 0.79296875 0.40703125 0.14453125 0.24921875
3 0.78046875 0.31015625 0.12734375 0.121875
2 0.70703125 0.18828125 0.05703125 0.103125
2 0.41796875 0.14296875 0.04765625 0.07890625
2 0.2140625 0.59609375 0.1921875 0.36640625
2 0.5359375 0.17890625 0.05546875 0.0921875
2 0.21015625 0.1 0.0484375 0.0703125
2 0.50859375 0.26171875 0.078125 0.14296875
3 0.5453125 0.121875 0.03203125 0.05078125
3 0.43203125 0.10859375 0.0390625 0.06484375
2 0.2078125 0.2328125 0.084375 0.1421875
2 0.45 0.29609375 0.1 0.1546875
4 0.7046875 0.3203125 0.1140625 0.4625
4 0.09140625 0.48671875 0.16015625 0.62109375
4 0.79453125 0.59296875 0.275 0.73515625