0 0.1359375 0.5640625 0.15703125 0.03125
0 0.7890625 0.5703125 0.1265625 0.03125
0 0.49453125 0.50859375 0.09375 0.01953125
0 0.33125 0.49765625 0.08203125 0.01953125
2 0.15 0.29140625 0.14140625 0.16875
2 0.75703125 0.28984375 0.13984375 0.16171875
3 0.4921875 0.38671875 0.05703125 0.06953125
3 0.34140625 0.39375 0.06953125 0.06875
3 0.59375 0.39609375 0.05390625 0.06640625
4 0.33671875 0.48046875 0.11953125 0.33046875
4 0.60234375 0.459375 0.09375 0.29140625
4 0.778125 0.496875 0.22890625 0.63046875
4 0.13828125 0.515625 0.21953125 0.703125
4 0.48984375 0.48359375 0.13828125 0.35859375