1 0.4890625 0.5515625 0.1625 0.18984375
0 0.7359375 0.80703125 0.10234375 0.03359375
4 0.7515625 0.6484375 0.2125 0.703125
1 0.33125 0.41015625 0.1171875 0.13671875
1 0.7390625 0.45703125 0.1078125 0.19296875
2 0.5453125 0.3703125 0.11015625 0.11640625
1 0.0984375 0.4015625 0.0828125 0.153125
0 0.0984375 0.69296875 0.0953125 0.04296875
0 0.9625 0.41328125 0.075 0.046875
4 0.9421875 0.4203125 0.11484375 0.51640625
4 0.10234375 0.6234375 0.1671875 0.6765625
4 0.46484375 0.7046875 0.28515625 0.5765625