0 0.59453125 0.64375 0.0703125 0.08125
0 0.278125 0.75703125 0.11171875 0.02578125
0 0.07578125 0.64140625 0.05234375 0.05546875
2 0.30546875 0.26640625 0.08828125 0.12890625
2 0.440625 0.20390625 0.06796875 0.06953125
0 0.434375 0.396875 0.05234375 0.05859375
0 0.93671875 0.63203125 0.07265625 0.0734375
4 0.309375 0.57890625 0.17265625 0.8234375
4 0.10625 0.5859375 0.18125 0.828125
4 0.45 0.4078125 0.109375 0.540625
4 0.61328125 0.56953125 0.16796875 0.8234375
4 0.91796875 0.540625 0.16328125 0.8234375
2 0.12734375 0.30703125 0.09765625 0.1140625
2 0.909375 0.27734375 0.08203125 0.15078125
2 0.6 0.28828125 0.075 0.12109375
2 0.7921875 0.2 0.075 0.084375