4 0.77265625 0.45625 0.0921875 0.5796875
2 0.86640625 0.30546875 0.07421875 0.13515625
0 0.30078125 0.70703125 0.10625 0.09375
0 0.6953125 0.52734375 0.05625 0.0515625
2 0.93515625 0.296875 0.05078125 0.0859375
0 0.54765625 0.5171875 0.075 0.05859375
2 0.75 0.28984375 0.08359375 0.13203125
2 0.6578125 0.25234375 0.08125 0.14296875
2 0.5546875 0.25078125 0.09375 0.14609375
2 0.4171875 0.24453125 0.1171875 0.17109375
3 0.14765625 0.19609375 0.115625 0.19140625
2 0.21796875 0.484375 0.2953125 0.825