4 0.04765625 0.62734375 0.09140625 0.4
1 0.19140625 0.63671875 0.096875 0.12734375
1 0.22265625 0.55390625 0.0609375 0.09140625
1 0.2046875 0.49921875 0.071875 0.09375
1 0.3546875 0.5109375 0.053125 0.1109375
1 0.50703125 0.628125 0.06484375 0.14296875
1 0.4734375 0.58046875 0.05546875 0.109375
1 0.403125 0.5640625 0.06875 0.121875
1 0.78828125 0.62734375 0.10078125 0.1453125
1 0.9203125 0.57265625 0.071875 0.1015625
1 0.8703125 0.5453125 0.06328125 0.13515625
1 0.6828125 0.48984375 0.0609375 0.11953125
1 0.6265625 0.54609375 0.08984375 0.13671875
1 0.58125 0.4703125 0.0484375 0.103125
2 0.0453125 0.50625 0.059375 0.0859375
2 0.64765625 0.8171875 0.11796875 0.2328125
2 0.2640625 0.48046875 0.04453125 0.06796875
2 0.52265625 0.5078125 0.05390625 0.0890625
2 0.45625 0.49453125 0.05078125 0.0859375
2 0.7546875 0.49921875 0.0609375 0.09375
2 0.8484375 0.4546875 0.0484375 0.075
0 0.81171875 0.8921875 0.09140625 0.03515625
0 0.93984375 0.765625 0.0515625 0.059375
0 0.50703125 0.8546875 0.09609375 0.03359375
0 0.37890625 0.753125 0.065625 0.03359375
0 0.1484375 0.8796875 0.07734375 0.05234375
0 0.02578125 0.6390625 0.04140625 0.0296875
4 0.171875 0.76484375 0.1546875 0.44296875
4 0.39609375 0.7375 0.11796875 0.4734375
4 0.51171875 0.753125 0.13125 0.4671875
4 0.80078125 0.75 0.15625 0.45703125
4 0.925 0.71875 0.1296875 0.509375