0 0.24921875 0.5484375 0.0703125 0.028125
0 0.84140625 0.565625 0.065625 0.02578125
0 0.63203125 0.46171875 0.046875 0.02109375
2 0.259375 0.33359375 0.0984375 0.16875
4 0.8125 0.52265625 0.17109375 0.61953125
3 0.4484375 0.3390625 0.0375 0.0640625
4 0.2640625 0.565625 0.1765625 0.7625
2 0.55078125 0.3484375 0.040625 0.08359375
2 0.7875 0.3390625 0.075 0.18046875
2 0.628125 0.3421875 0.05859375 0.10078125
4 0.4546875 0.4078125 0.07890625 0.27578125
4 0.5578125 0.43125 0.0640625 0.31796875
4 0.63828125 0.47734375 0.0921875 0.440625