3 0.19140625 0.84765625 0.07734375 0.12890625
3 0.2796875 0.63515625 0.0703125 0.12890625
3 0.22109375 0.34375 0.0546875 0.125
3 0.1328125 0.3 0.07265625 0.125
3 0.53359375 0.5875 0.05234375 0.10859375
3 0.6625 0.55625 0.0546875 0.11640625
3 0.74375 0.65 0.06484375 0.13359375
3 0.49765625 0.67109375 0.07265625 0.12109375
3 0.38515625 0.55390625 0.0828125 0.125
3 0.22265625 0.75859375 0.07734375 0.1375
3 0.08125 0.78359375 0.0703125 0.12890625
3 0.05625 0.52890625 0.0625 0.1125
3 0.15859375 0.45625 0.06484375 0.14140625
3 0.4796875 0.47734375 0.06484375 0.1
3 0.60625 0.20859375 0.04765625 0.10859375
3 0.49375 0.25 0.05 0.1
3 0.41484375 0.29765625 0.0453125 0.09140625
3 0.0421875 0.35859375 0.0546875 0.10859375
3 0.95 0.88125 0.06484375 0.125
3 0.97265625 0.79140625 0.05234375 0.11640625
3 0.7046875 0.1 0.0578125 0.09140625
3 0.62734375 0.16015625 0.0578125 0.1125
3 0.34375 0.23984375 0.0625 0.11640625
4 0.23984375 0.82734375 0.14765625 0.33359375
4 0.4984375 0.79140625 0.11015625 0.40859375
1 0.15625 0.65234375 0.0625 0.10390625
1 0.29140625 0.33515625 0.0578125 0.10859375
1 0.3640625 0.72890625 0.06484375 0.14140625
3 0.35390625 0.88515625 0.07265625 0.125