0 0.2265625 0.43984375 0.06640625 0.0265625
4 0.8203125 0.646875 0.2265625 0.553125
4 0.5765625 0.5 0.16015625 0.446875
2 0.38984375 0.446875 0.1203125 0.1203125
3 0.246875 0.31640625 0.06640625 0.06640625
2 0.5796875 0.353125 0.1 0.1
3 0.08984375 0.4203125 0.10703125 0.11328125
2 0.796875 0.46328125 0.1265625 0.13359375
4 0.2296875 0.4234375 0.1203125 0.33984375
4 0.396875 0.65 0.2265625 0.56015625
0 0.35703125 0.7265625 0.10703125 0.053125
0 0.84296875 0.78984375 0.1 0.06015625
0 0.5796875 0.503125 0.08671875 0.0265625