4 0.5359375 0.77109375 0.13984375 0.43125
3 0.70625 0.55078125 0.05234375 0.1203125
2 0.46875 0.5421875 0.0578125 0.115625
4 0.2921875 0.7359375 0.13515625 0.5109375
2 0.5328125 0.653125 0.0953125 0.15546875
2 0.4265625 0.74453125 0.0796875 0.178125
2 0.3890625 0.82890625 0.09765625 0.2046875
0 0.15 0.60703125 0.05 0.03125
0 0.2203125 0.6421875 0.05 0.0265625
0 0.84375 0.678125 0.03984375 0.03125
0 0.5234375 0.93359375 0.07265625 0.03125
4 0.23125 0.63984375 0.0921875 0.5203125
2 0.70234375 0.7796875 0.1046875 0.2
2 0.64375 0.6953125 0.0921875 0.19140625
2 0.8234375 0.51796875 0.0546875 0.10703125
3 0.7671875 0.42421875 0.0296875 0.07578125
3 0.9609375 0.63125 0.06484375 0.146875
3 0.29375 0.60859375 0.1 0.1734375
4 0.953125 0.759375 0.09375 0.4625
4 0.72734375 0.69765625 0.15234375 0.44453125
4 0.5890625 0.52890625 0.0671875 0.3203125
2 0.08125 0.57109375 0.07265625 0.1421875
3 0.08984375 0.39140625 0.0453125 0.0890625
4 0.0890625 0.49296875 0.07265625 0.35546875
4 0.82890625 0.68671875 0.0953125 0.484375