2 0.6234375 0.396875 0.04765625 0.084375
3 0.35234375 0.4828125 0.07109375 0.1125
2 0.28125 0.59453125 0.1 0.16484375
2 0.91171875 0.49296875 0.09453125 0.13359375
2 0.7734375 0.53828125 0.0765625 0.12265625
2 0.48671875 0.51953125 0.07890625 0.15078125
3 0.56015625 0.6421875 0.11328125 0.171875
3 0.13828125 0.40703125 0.05 0.0984375
3 0.22109375 0.42109375 0.08671875 0.12265625
2 0.04375 0.56875 0.08125 0.13671875
0 0.9265625 0.66640625 0.0578125 0.0421875
2 0.39609375 0.828125 0.11015625 0.21015625
2 0.76171875 0.784375 0.1234375 0.2140625
4 0.559375 0.7578125 0.17109375 0.46640625
4 0.7578125 0.81015625 0.1765625 0.37890625
4 0.28125 0.75234375 0.165625 0.49453125
4 0.0515625 0.7 0.10234375 0.49453125
4 0.61875 0.484375 0.0734375 0.2984375
4 0.22265625 0.56640625 0.11875 0.46640625
4 0.4828125 0.615625 0.10234375 0.4140625
4 0.91171875 0.69453125 0.134375 0.56171875
2 0.41171875 0.403125 0.07109375 0.1015625
2 0.7515625 0.4453125 0.0578125 0.0875
0 0.55625 0.92421875 0.09453125 0.0421875