2 0.66015625 0.14296875 0.0734375 0.14296875
2 0.4796875 0.1609375 0.11640625 0.2265625
4 0.478125 0.4671875 0.18984375 0.88125
4 0.6765625 0.371875 0.13984375 0.70234375
4 0.91953125 0.484375 0.1609375 0.88125
2 0.828125 0.14296875 0.0734375 0.1484375
2 0.2296875 0.20234375 0.0765625 0.1484375
2 0.40859375 0.1578125 0.0765625 0.1546875
2 0.56640625 0.13671875 0.05703125 0.14296875
1 0.778125 0.1515625 0.04296875 0.1015625
0 0.496875 0.58046875 0.10703125 0.0359375
0 0.671875 0.4015625 0.06015625 0.0296875
4 0.1234375 0.496875 0.18984375 0.95859375
2 0.90703125 0.17265625 0.1265625 0.23828125
2 0.13515625 0.20234375 0.16015625 0.309375