2 0.303125 0.32421875 0.06171875 0.0890625
2 0.4375 0.36953125 0.140625 0.21015625
2 0.3859375 0.35 0.07578125 0.1609375
2 0.321875 0.3453125 0.05546875 0.10703125
2 0.1484375 0.33671875 0.07578125 0.12734375
2 0.05625 0.32265625 0.06484375 0.0921875
2 0.1765625 0.2765625 0.0484375 0.09375
0 0.4375 0.79375 0.0796875 0.07578125
0 0.15625 0.52734375 0.0734375 0.0265625
0 0.05390625 0.4828125 0.0515625 0.0359375
4 0.3046875 0.49375 0.109375 0.4984375
4 0.05625 0.5140625 0.084375 0.5234375
4 0.1546875 0.5609375 0.11484375 0.590625
4 0.4484375 0.60390625 0.22421875 0.74765625