1 0.903125 0.28046875 0.071875 0.15234375
4 0.8078125 0.53984375 0.303125 0.9046875
4 0.24375 0.58671875 0.2671875 0.8265625
1 0.3453125 0.325 0.0859375 0.14765625
0 0.040625 0.6875 0.07578125 0.03671875
0 0.1359375 0.7640625 0.09296875 0.05078125
0 0.78359375 0.93046875 0.20859375 0.07109375
0 0.4640625 0.71328125 0.10390625 0.05234375
2 0.04140625 0.35625 0.0828125 0.175
3 0.1515625 0.39140625 0.096875 0.175
2 0.27109375 0.35546875 0.08671875 0.1421875
1 0.20859375 0.346875 0.053125 0.1203125
2 0.53828125 0.31796875 0.11875 0.22578125
2 0.81484375 0.2546875 0.13828125 0.20625
4 0.5421875 0.615625 0.31640625 0.76875