2 0.93828125 0.3359375 0.10703125 0.146875
2 0.25078125 0.2453125 0.13671875 0.28671875
2 0.45390625 0.28203125 0.10859375 0.2109375
2 0.61171875 0.33203125 0.09296875 0.2203125
4 0.6015625 0.584375 0.16640625 0.7625
3 0.865625 0.334375 0.06015625 0.1359375
2 0.796875 0.31796875 0.11796875 0.17109375
4 0.78359375 0.5703125 0.18359375 0.79765625
2 0.15234375 0.25859375 0.121875 0.2
0 0.1546875 0.72109375 0.13984375 0.046875
0 0.56328125 0.628125 0.1015625 0.0421875
4 0.20234375 0.46640625 0.271875 0.83359375