2 0.61640625 0.2203125 0.04765625 0.084375
2 0.3546875 0.31015625 0.0921875 0.21015625
2 0.7078125 0.34296875 0.11328125 0.23125
2 0.5296875 0.26875 0.06484375 0.13828125
2 0.40546875 0.22578125 0.0515625 0.09296875
2 0.428125 0.16875 0.04375 0.07265625
3 0.48515625 0.1859375 0.03515625 0.0671875
3 0.56796875 0.196875 0.04609375 0.07578125
0 0.3046875 0.696875 0.09453125 0.0359375
0 0.73671875 0.82265625 0.08984375 0.08828125
0 0.53046875 0.4484375 0.05859375 0.034375
4 0.3203125 0.57421875 0.16953125 0.84140625
4 0.5296875 0.46796875 0.0984375 0.5984375
4 0.71484375 0.5828125 0.2 0.8171875
4 0.628125 0.3546875 0.0859375 0.44453125