2 0.73203125 0.26953125 0.09609375 0.14453125
2 0.640625 0.2734375 0.08203125 0.128125
3 0.3078125 0.2296875 0.0328125 0.06171875
3 0.12890625 0.23828125 0.03046875 0.06015625
1 0.759375 0.41015625 0.065625 0.109375
0 0.8984375 0.69296875 0.07578125 0.02421875
0 0.40546875 0.44140625 0.04921875 0.02890625
0 0.11640625 0.38515625 0.05078125 0.0203125
4 0.2703125 0.56953125 0.1859375 0.7984375
4 0.12890625 0.35625 0.084375 0.334375
4 0.3953125 0.41015625 0.10390625 0.47421875
0 0.3 0.68515625 0.1046875 0.025
2 0.24921875 0.284375 0.084375 0.15859375
2 0.37734375 0.24609375 0.0453125 0.07890625
4 0.765625 0.5984375 0.37578125 0.79140625