0 0.95 0.7609375 0.09921875 0.03828125
1 0.6234375 0.4 0.06328125 0.12421875
0 0.653125 0.7046875 0.06328125 0.03515625
0 0.490625 0.66796875 0.0953125 0.03125
0 0.37265625 0.63125 0.06875 0.02890625
0 0.28984375 0.60234375 0.06328125 0.0203125
2 0.565625 0.3578125 0.07578125 0.13515625
3 0.46875 0.35234375 0.01796875 0.025
2 0.490625 0.403125 0.06796875 0.1140625
2 0.3953125 0.38046875 0.06953125 0.11328125
2 0.4515625 0.18203125 0.0609375 0.10859375
2 0.31171875 0.31015625 0.059375 0.109375
2 0.6609375 0.2921875 0.09296875 0.13984375
2 0.275 0.38671875 0.06640625 0.1015625
2 0.18125 0.39765625 0.06328125 0.10625
1 0.721875 0.40234375 0.078125 0.11953125
2 0.9203125 0.359375 0.0921875 0.15703125
2 0.82734375 0.4125 0.1109375 0.16171875