2 0.71015625 0.265625 0.15859375 0.21640625
4 0.76796875 0.52578125 0.328125 0.8453125
4 0.35703125 0.48203125 0.2859375 0.90703125
4 0.11953125 0.36875 0.17734375 0.69609375
0 0.41875 0.58515625 0.1078125 0.0359375
0 0.13125 0.41484375 0.10390625 0.0203125
0 0.02734375 0.44296875 0.05 0.02578125
0 0.79921875 0.80703125 0.16953125 0.0515625
2 0.33203125 0.1828125 0.1234375 0.20625
2 0.60625 0.11875 0.09296875 0.1390625
2 0.29375 0.11875 0.096875 0.11875
2 0.65625 0.09765625 0.06953125 0.11875
2 0.10234375 0.10078125 0.115625 0.1703125
2 0.48828125 0.075 0.07734375 0.11875
2 0.41875 0.14453125 0.0890625 0.19609375
2 0.71640625 0.13125 0.08515625 0.11875
2 0.8203125 0.11328125 0.1078125 0.1546875