4 0.91171875 0.5390625 0.1640625 0.75625
4 0.2671875 0.48203125 0.090625 0.49375
4 0.4546875 0.49140625 0.0765625 0.64296875
3 0.39140625 0.2890625 0.05703125 0.11875
2 0.4515625 0.2859375 0.06328125 0.13671875
2 0.27109375 0.32421875 0.05 0.11328125
2 0.89765625 0.29765625 0.090625 0.17890625
2 0.734375 0.32109375 0.08671875 0.16640625
2 0.5484375 0.26796875 0.096875 0.184375
0 0.27890625 0.5296875 0.04375 0.01796875
0 0.759375 0.60390625 0.0671875 0.0296875
0 0.91953125 0.6578125 0.096875 0.04140625
0 0.55 0.63671875 0.08359375 0.04765625
4 0.546875 0.5390625 0.1171875 0.79140625
4 0.74453125 0.5328125 0.12734375 0.6546875