2 0.22734375 0.54453125 0.06640625 0.11328125
2 0.48125 0.6078125 0.1 0.18515625
2 0.32265625 0.6625 0.07890625 0.18515625
2 0.20234375 0.61484375 0.07265625 0.11953125
2 0.05078125 0.5875 0.07734375 0.13046875
2 0.93203125 0.71953125 0.09140625 0.18125
3 0.34921875 0.54609375 0.06875 0.13046875
3 0.384375 0.521875 0.06015625 0.109375
3 0.109375 0.4453125 0.0375 0.075
3 0.35390625 0.43125 0.04140625 0.075
4 0.49140625 0.73984375 0.14375 0.5140625
4 0.678125 0.76015625 0.15390625 0.4796875
4 0.328125 0.7703125 0.12265625 0.45859375
4 0.21171875 0.715625 0.11875 0.4828125
4 0.05546875 0.74140625 0.10234375 0.496875
4 0.91796875 0.77890625 0.15 0.4140625