1 0.7578125 0.40390625 0.084375 0.146875
2 0.7421875 0.284375 0.11015625 0.153125
2 0.6328125 0.27890625 0.09140625 0.15546875
4 0.39765625 0.40859375 0.08828125 0.44609375
4 0.74921875 0.5203125 0.39609375 0.75
4 0.12890625 0.3515625 0.08984375 0.37734375
4 0.27578125 0.521875 0.21171875 0.73671875
3 0.37890625 0.2546875 0.05 0.08828125
2 0.24921875 0.27890625 0.08984375 0.15546875
2 0.2765625 0.2359375 0.07890625 0.1078125
3 0.34609375 0.23515625 0.034375 0.0625
0 0.40703125 0.4421875 0.05390625 0.021875
0 0.29921875 0.68828125 0.09453125 0.034375
0 0.12734375 0.3890625 0.05546875 0.0171875
0 0.90234375 0.6953125 0.0828125 0.021875
3 0.125 0.2390625 0.0296875 0.06875