3 0.3859375 0.2296875 0.06484375 0.103125
0 0.4578125 0.53046875 0.0421875 0.05546875
0 0.35703125 0.47734375 0.046875 0.05234375
2 0.8515625 0.2453125 0.1359375 0.196875
2 0.675 0.203125 0.11796875 0.171875
2 0.490625 0.2109375 0.07734375 0.11796875
2 0.421875 0.2171875 0.078125 0.11796875
2 0.33203125 0.24609375 0.05859375 0.10546875
2 0.28984375 0.2390625 0.04921875 0.084375
3 0.53671875 0.265625 0.05546875 0.09921875
3 0.92890625 0.23515625 0.071875 0.1359375
4 0.821875 0.4859375 0.29375 0.7546875