0 0.521875 0.546875 0.0765625 0.03984375
2 0.5171875 0.23984375 0.0703125 0.13046875
2 0.7734375 0.20625 0.06015625 0.13984375
2 0.33046875 0.23203125 0.0671875 0.1328125
3 0.43046875 0.1671875 0.04609375 0.09140625
3 0.3875 0.140625 0.03671875 0.07734375
2 0.53515625 0.12578125 0.04453125 0.071875
3 0.703125 0.15 0.04140625 0.071875
2 0.6140625 0.13046875 0.03515625 0.0640625
2 0.29765625 0.16171875 0.04296875 0.08046875
3 0.25390625 0.1234375 0.03515625 0.06796875
0 0.31484375 0.53359375 0.07734375 0.0265625
0 0.80703125 0.47109375 0.07265625 0.0234375
0 0.8890625 0.33203125 0.0328125 0.0390625
0 0.5953125 0.29140625 0.03984375 0.02109375
0 0.11328125 0.484375 0.06171875 0.0234375
0 0.4328125 0.3328125 0.0296875 0.03203125
3 0.82109375 0.1390625 0.03671875 0.084375
2 0.865625 0.17734375 0.0515625 0.08984375
1 0.13984375 0.215625 0.06953125 0.12578125
1 0.196875 0.18203125 0.05390625 0.096875
1 0.128125 0.1515625 0.05234375 0.096875
4 0.89453125 0.346875 0.1296875 0.48359375
4 0.43671875 0.34609375 0.096875 0.4765625
4 0.1265625 0.42265625 0.1203125 0.58984375
4 0.79375 0.4421875 0.1421875 0.65078125
4 0.52265625 0.49296875 0.11640625 0.68125
4 0.3265625 0.5203125 0.1296875 0.72890625