2 0.6421875 0.2734375 0.1078125 0.16640625
0 0.9671875 0.578125 0.06484375 0.03359375
2 0.1796875 0.23515625 0.0953125 0.1796875
2 0.4109375 0.21796875 0.1078125 0.1703125
2 0.3328125 0.1796875 0.06015625 0.1
3 0.2828125 0.15 0.05234375 0.08984375
2 0.05390625 0.18671875 0.07734375 0.11015625
2 0.60390625 0.21015625 0.10234375 0.1765625
2 0.9171875 0.25859375 0.09765625 0.18671875
4 0.8859375 0.4734375 0.22734375 0.7703125
4 0.6328125 0.496875 0.2171875 0.86328125
2 0.2109375 0.4953125 0.2078125 0.75703125
4 0.4171875 0.50703125 0.21484375 0.8203125
2 0.84375 0.23828125 0.0796875 0.18359375
0 0.2625 0.5734375 0.0921875 0.03671875
0 0.4484375 0.50859375 0.07734375 0.0234375
0 0.69609375 0.6015625 0.08984375 0.03359375
2 0.2375 0.228125 0.1046875 0.16640625