4 0.478125 0.45234375 0.125 0.7140625
4 0.265625 0.53671875 0.2625 0.90078125
4 0.14609375 0.06953125 0.07421875 0.003125
3 0.41484375 0.1484375 0.0453125 0.06796875
1 0.61015625 0.2703125 0.075 0.1328125
3 0.5828125 0.15625 0.0625 0.10625
2 0.47265625 0.18359375 0.09453125 0.1453125
2 0.6890625 0.25078125 0.134375 0.21796875
2 0.29765625 0.21640625 0.15625 0.2125
0 0.4734375 0.46640625 0.08984375 0.03359375
0 0.23125 0.83828125 0.178125 0.0875
0 0.8453125 0.95703125 0.17265625 0.059375
4 0.75625 0.56640625 0.3859375 0.8671875