2 0.4546875 0.36953125 0.065625 0.13046875
2 0.29609375 0.7578125 0.1265625 0.26171875
2 0.4578125 0.1765625 0.04765625 0.0765625
2 0.29375 0.2484375 0.06328125 0.11171875
2 0.57890625 0.234375 0.0703125 0.11171875
3 0.51328125 0.15 0.0453125 0.08046875
2 0.090625 0.5265625 0.13125 0.21953125
2 0.9015625 0.384375 0.08125 0.1734375
2 0.840625 0.24609375 0.08359375 0.15390625
2 0.92734375 0.1765625 0.06328125 0.13828125
3 0.74296875 0.18671875 0.06796875 0.11171875
0 0.0703125 0.884375 0.11328125 0.03046875
0 0.1609375 0.5015625 0.075 0.0265625
0 0.45703125 0.7078125 0.07890625 0.03046875
2 0.3640625 0.1765625 0.05234375 0.0921875
3 0.6234375 0.08046875 0.0453125 0.08046875
2 0.45390625 0.28046875 0.0765625 0.11953125
4 0.45234375 0.5671875 0.10390625 0.75390625
2 0.17421875 0.30546875 0.07890625 0.1265625
4 0.89921875 0.6234375 0.1265625 0.71171875
4 0.5890625 0.4171875 0.11328125 0.515625
4 0.7421875 0.3484375 0.10625 0.565625
4 0.15703125 0.440625 0.13828125 0.49609375