2 0.434375 0.12421875 0.06171875 0.11640625
4 0.19765625 0.31171875 0.12890625 0.45078125
4 0.46171875 0.27265625 0.209375 0.5046875
4 0.76953125 0.50625 0.2203125 0.82734375
4 0.31328125 0.5140625 0.19765625 0.728125
1 0.08671875 0.1328125 0.046875 0.075
1 0.7546875 0.12421875 0.07890625 0.1140625
1 0.60390625 0.17734375 0.065625 0.12265625
1 0.27109375 0.11484375 0.0421875 0.07265625
2 0.03515625 0.1015625 0.05 0.0890625
2 0.2203125 0.18046875 0.0515625 0.1125
3 0.796875 0.15546875 0.059375 0.1015625
3 0.18359375 0.16484375 0.05859375 0.1078125
2 0.11796875 0.13359375 0.0421875 0.1
2 0.49765625 0.12421875 0.07109375 0.14140625
2 0.65859375 0.1984375 0.103125 0.13359375
2 0.73984375 0.21640625 0.1015625 0.19921875
2 0.28046875 0.246875 0.10703125 0.16640625
0 0.546875 0.30859375 0.065625 0.0203125
0 0.809375 0.58046875 0.11640625 0.03125
0 0.325 0.59609375 0.1046875 0.02890625