0 0.346875 0.559375 0.05078125 0.02421875
0 0.45390625 0.55859375 0.0421875 0.021875
0 0.8609375 0.5796875 0.05625 0.01953125
3 0.3046875 0.38203125 0.0359375 0.065625
2 0.2796875 0.49140625 0.10234375 0.125
3 0.3515625 0.41015625 0.05 0.0875
1 0.12265625 0.36953125 0.0359375 0.06953125
0 0.60625 0.9859375 0.12734375 0.02421875
1 0.0296875 0.42109375 0.04609375 0.075
1 0.4453125 0.41171875 0.05390625 0.08359375
2 0.19375 0.42890625 0.06875 0.0953125
4 0.04296875 0.540625 0.08203125 0.403125
4 0.3609375 0.559375 0.10625 0.44375
4 0.84609375 0.55703125 0.09140625 0.37421875
4 0.73203125 0.6453125 0.13046875 0.54375
4 0.57734375 0.703125 0.20390625 0.5828125
4 0.2765625 0.7 0.18125 0.59921875
0 0.75234375 0.6796875 0.0390625 0.04609375
0 0.275 0.91015625 0.06640625 0.05546875
1 0.8484375 0.43828125 0.05703125 0.1046875
1 0.72421875 0.47421875 0.07578125 0.1390625
1 0.553125 0.51171875 0.096875 0.1609375
0 0.8234375 0.62734375 0.0484375 0.021875
0 0.175 0.59609375 0.05546875 0.04296875