4 0.50234375 0.5015625 0.14375 0.7375
2 0.1609375 0.2109375 0.06953125 0.1578125
2 0.11015625 0.2296875 0.06171875 0.12734375
2 0.2296875 0.23984375 0.05859375 0.1421875
0 0.5703125 0.4984375 0.05078125 0.0171875
0 0.521875 0.55 0.0703125 0.0328125
4 0.39765625 0.4078125 0.090625 0.5828125
0 0.3234375 0.5390625 0.01484375 0.01484375
0 0.971875 0.6609375 0.05234375 0.03984375
0 0.89765625 0.69609375 0.109375 0.0421875
4 0.16328125 0.43125 0.11484375 0.6546875
4 0.8703125 0.56640625 0.190625 0.81015625
2 0.49921875 0.2625 0.0828125 0.18984375
2 0.403125 0.24375 0.071875 0.1421875
2 0.83828125 0.29375 0.08828125 0.2046875
2 0.734375 0.22734375 0.0640625 0.1203125
2 0.3296875 0.22734375 0.04296875 0.0921875
2 0.9453125 0.2859375 0.09609375 0.21484375
2 0.55859375 0.2375 0.0734375 0.1453125