4 0.52578125 0.6015625 0.11328125 0.66484375
2 0.53203125 0.37890625 0.07109375 0.12109375
2 0.06796875 0.346875 0.06484375 0.10703125
2 0.27890625 0.3515625 0.06796875 0.0875
3 0.33359375 0.33984375 0.03515625 0.07734375
2 0.38203125 0.34921875 0.06484375 0.11171875
2 0.65625 0.37109375 0.0484375 0.0828125
2 0.78046875 0.3734375 0.0609375 0.0921875
3 0.709375 0.359375 0.0390625 0.07734375
0 0.52734375 0.653125 0.090625 0.0484375
0 0.35 0.5390625 0.07421875 0.02421875
0 0.27578125 0.4953125 0.0609375 0.02421875
0 0.0421875 0.5484375 0.0453125 0.0390625
0 0.65625 0.52890625 0.0390625 0.01953125
0 0.78515625 0.52421875 0.0484375 0.02890625
0 0.2 0.4515625 0.03203125 0.0390625
4 0.2015625 0.43671875 0.06484375 0.325
4 0.27109375 0.4828125 0.096875 0.4171875
4 0.78515625 0.50703125 0.096875 0.4171875
4 0.6515625 0.50703125 0.07734375 0.3984375
2 0.06796875 0.48515625 0.12578125 0.4515625
4 0.37578125 0.5046875 0.11953125 0.48046875