2 0.94296875 0.42578125 0.0703125 0.1109375
4 0.2015625 0.5703125 0.16796875 0.4359375
4 0.8265625 0.60859375 0.2546875 0.6359375
4 0.47421875 0.60859375 0.2265625 0.5796875
2 0.784375 0.45078125 0.1046875 0.184375
2 0.87421875 0.3921875 0.121875 0.1625
2 0.53828125 0.41796875 0.0765625 0.11796875
2 0.43984375 0.43203125 0.103125 0.13984375
2 0.29921875 0.41796875 0.0765625 0.1109375
2 0.225 0.40078125 0.071875 0.10234375
2 0.08671875 0.44296875 0.06484375 0.09140625
2 0.7171875 0.42109375 0.078125 0.09765625