4 0.15234375 0.28984375 0.178125 0.5359375
4 0.31328125 0.39296875 0.13359375 0.67578125
4 0.53359375 0.19453125 0.14296875 0.3890625
2 0.453125 0.26015625 0.11640625 0.1734375
2 0.5328125 0.09296875 0.11796875 0.16875
2 0.321875 0.165625 0.1015625 0.1578125
3 0.534375 0.815625 0.10703125 0.146875
3 0.55390625 0.6453125 0.09140625 0.1359375
3 0.5578125 0.44296875 0.09296875 0.1640625
0 0.9234375 0.1875 0.06796875 0.02890625
0 0.61171875 0.0453125 0.06328125 0.04921875
0 0.15859375 0.23359375 0.08984375 0.02890625
0 0.3140625 0.4734375 0.06796875 0.0203125