4 0.0734375 0.56640625 0.1265625 0.5015625
0 0.23984375 0.63046875 0.05625 0.021875
0 0.67265625 0.8078125 0.0859375 0.021875
1 0.66875 0.440625 0.059375 0.10625
1 0.87578125 0.4734375 0.0828125 0.1390625
1 0.0765625 0.42109375 0.0734375 0.11171875
1 0.3984375 0.4453125 0.05703125 0.1125
2 0.3578125 0.40625 0.04765625 0.0765625
2 0.453125 0.43671875 0.0640625 0.13359375
2 0.5890625 0.46875 0.09609375 0.15390625
3 0.2140625 0.41796875 0.05234375 0.10625
3 0.18515625 0.39921875 0.0453125 0.0875
2 0.82109375 0.5578125 0.13828125 0.2234375
4 0.7296875 0.60703125 0.171875 0.62890625
4 0.58046875 0.64609375 0.2625 0.5875
0 0.04140625 0.575 0.0421875 0.021875
4 0.8125 0.68203125 0.215625 0.62578125
4 0.2265625 0.55546875 0.13515625 0.45078125
1 0.70703125 0.446875 0.059375 0.12578125
4 0.4625 0.6390625 0.1953125 0.6796875