2 0.30390625 0.38984375 0.071875 0.1078125
2 0.7796875 0.3546875 0.03671875 0.06015625
2 0.67265625 0.35078125 0.02890625 0.06484375
2 0.71015625 0.36875 0.06171875 0.08828125
2 0.61484375 0.39609375 0.0640625 0.09140625
4 0.70234375 0.5046875 0.08984375 0.46796875
4 0.4109375 0.521875 0.13984375 0.43203125
4 0.490625 0.60390625 0.209375 0.64140625
4 0.109375 0.5734375 0.21328125 0.7421875
2 0.446875 0.39296875 0.05625 0.09921875
2 0.5125 0.4046875 0.090625 0.17265625
2 0.24375 0.41171875 0.0671875 0.1109375
0 0.4390625 0.725 0.09609375 0.03125
0 0.69453125 0.54453125 0.046875 0.034375
2 0.090625 0.38125 0.15703125 0.2578125
4 0.77578125 0.4515625 0.05703125 0.3265625