0 0.31953125 0.54140625 0.05625 0.03515625
2 0.64453125 0.30234375 0.07734375 0.1984375
4 0.47890625 0.48125 0.26875 0.9625
4 0.165625 0.53046875 0.140625 0.4921875
4 0.3046875 0.571875 0.11015625 0.5875
4 0.6546875 0.57421875 0.134375 0.76640625
0 0.478125 0.49765625 0.13671875 0.04375
2 0.18125 0.3875 0.0484375 0.0859375
2 0.1421875 0.39140625 0.04375 0.06796875
0 0.6515625 0.62578125 0.07265625 0.0703125
2 0.475 0.15703125 0.13828125 0.22890625
0 0.175 0.52890625 0.0828125 0.02265625
2 0.5484375 0.11484375 0.10859375 0.21484375