4 0.83125 0.51484375 0.17734375 0.7328125
4 0.40859375 0.47578125 0.1046875 0.5296875
4 0.29453125 0.4203125 0.0828125 0.41328125
4 0.19296875 0.38671875 0.0703125 0.33203125
2 0.79375 0.2703125 0.0703125 0.15859375
2 0.85234375 0.30546875 0.0890625 0.17890625
4 0.6796875 0.4984375 0.1296875 0.5390625
3 0.19375 0.2921875 0.04296875 0.053125
2 0.46640625 0.3078125 0.06953125 0.08515625
3 0.25390625 0.2921875 0.04765625 0.0625
2 0.2953125 0.2921875 0.06015625 0.090625
2 0.41015625 0.31484375 0.065625 0.1203125
2 0.64453125 0.31484375 0.04765625 0.1203125
2 0.68046875 0.30625 0.065625 0.1140625