4 0.434375 0.5015625 0.0421875 0.134375
4 0.19140625 0.5609375 0.08203125 0.24453125
4 0.1109375 0.490625 0.08203125 0.15
2 0.4359375 0.4578125 0.01796875 0.034375
0 0.08984375 0.51953125 0.009375 0.00703125
0 0.16484375 0.575 0.01875 0.0109375
2 0.19921875 0.46640625 0.0328125 0.04453125
2 0.4828125 0.46171875 0.02578125 0.0296875
2 0.10703125 0.44765625 0.03359375 0.02890625
2 0.50546875 0.44453125 0.015625 0.02578125
4 0.503125 0.46796875 0.025 0.09140625
4 0.4796875 0.5234375 0.040625 0.1734375
2 0.61875 0.4546875 0.0109375 0.01640625
0 0.471875 0.528125 0.01640625 0.00546875
0 0.428125 0.51171875 0.01328125 0.00546875
4 0.621875 0.48828125 0.0421875 0.1203125