0 0.2625 0.58203125 0.0390625 0.0203125
2 0.5515625 0.4453125 0.02734375 0.0703125
2 0.43984375 0.4125 0.02578125 0.0609375
2 0.28671875 0.44296875 0.05078125 0.0859375
4 0.5625 0.403125 0.01640625 0.06796875
4 0.3078125 0.40234375 0.02578125 0.06796875
4 0.1578125 0.425 0.0390625 0.08125
4 0.50546875 0.40234375 0.015625 0.065625
4 0.5359375 0.4953125 0.06015625 0.22421875
4 0.4390625 0.446875 0.053125 0.16875
4 0.28046875 0.5796875 0.12421875 0.3859375
0 0.52890625 0.53125 0.01328125 0.01640625