2 0.23359375 0.43125 0.0359375 0.04921875
2 0.32109375 0.4015625 0.021875 0.0359375
0 0.203125 0.5453125 0.021875 0.01796875
0 0.309375 0.4609375 0.01796875 0.00703125
0 0.1125 0.42109375 0.00703125 0.00703125
0 0.18671875 0.4125 0.0078125 0.00703125
0 0.565625 0.4265625 0.00703125 0.00703125
4 0.1234375 0.40078125 0.05 0.10703125
4 0.5625 0.415625 0.03046875 0.11875
4 0.2359375 0.54609375 0.1 0.31796875
4 0.31953125 0.45078125 0.065625 0.1765625
4 0.440625 0.4046875 0.04921875 0.11015625
2 0.44453125 0.37890625 0.01875 0.01640625
2 0.56484375 0.3921875 0.0109375 0.01796875
2 0.121875 0.3703125 0.01796875 0.0203125